SBE38
SERIALNO=0200
CALDATE=08-Dec-22
A0=-7.631119e-005
A1= 2.960383e-004
A2=-3.859176e-006
A3= 1.996687e-007
