INSTRUMENT_TYPE=SBE43
SERIALNO=0582
OCALDATE=01-Mar-23
SOC= 4.699531e-001
VOFFSET=-4.919946e-001
A=-3.990694e-003
B= 2.235926e-004
C=-3.365671e-006
E= 3.600000e-002
Tau20= 1.180000e+000
