INSTRUMENT_TYPE=SBE43
SERIALNO=1101
OCALDATE=10-Jan-23
SOC= 4.061641e-001
VOFFSET=-4.880427e-001
A=-4.036693e-003
B= 1.607353e-004
C=-2.277235e-006
E= 3.600000e-002
Tau20= 1.290000e+000
