INSTRUMENT_TYPE=SBE4
SERIALNO=2908
CCALDATE=09-Feb-23
CG=-1.01576559e+001
CH= 1.37332449e+000
CI=-8.12547521e-004
CJ= 1.17672071e-004
CTCOR= 3.25000e-006
CPCOR=-9.57000e-008
