SERIALNO=3229
TCALDATE=16-Feb-23
TG= 4.23492004e-003
TH= 6.28534174e-004
TI= 1.81576512e-005
TJ= 8.80484672e-007
CCALDATE=16-Feb-23
CG=-4.11994514e+000
CH= 4.86260957e-001
CI=-2.98648869e-004
CJ= 3.96821273e-005
CTCOR= 3.250000e-006
CPCOR=-9.570000e-008
PCALDATE=NO-CAL
PA0= 1.000000e+000
PA1= 0.000000e+000
PA2= 0.000000e+000
SLOPE= 1.000000e+000
OFFSET= 0.000000e+000
