INSTRUMENT_TYPE=SBE3
SERIALNO=4443
TCALDATE=21-Feb-23
TG= 4.41121516e-003
TH= 6.41795534e-004
TI= 2.18210915e-005
TJ= 1.86256511e-006
TF0=1000.0
