INSTRUMENT_TYPE=SEACATPLUS
SERIALNO=4955
TCALDATE=08-Dec-22
TA0= 1.232836e-003
TA1= 2.607175e-004
TA2= 2.297484e-007
TA3= 1.419634e-007
CCALDATE=08-Dec-22
CG=-1.003553e+000
CH= 1.397615e-001
CI=-4.702732e-004
CJ= 5.517429e-005
CTCOR= 3.250000e-006
CPCOR=-9.570000e-008
PCALDATE=01-Dec-22
PA0=-1.553736e-002
PA1= 1.541625e-003
PA2= 9.842969e-012
PTCA0= 5.234952e+005
PTCA1= 1.052816e+000
PTCA2=-7.244704e-002
PTCB0= 2.505288e+001
PTCB1= 2.375000e-003
PTCB2= 0.000000e+000
PTEMPA0=-7.574334e+001
PTEMPA1= 4.898356e+001
PTEMPA2=-2.180284e-001
