CTD/data/rosette/20230425/station 1.cnv
* Sea-Bird SBE 25plus Data File:
* FileName = C:\Users\CTD\Desktop\SBE25 Data\042523\station 1.hex
* Software Version Seasave V 7.26.1.8
* Temperature SN = 6681
* Conductivity SN = 6071
* System UpLoad Time = Apr 25 2023 17:01:50
* NMEA Latitude = 34 02.66 N
* NMEA Longitude = 077 56.38 W
* NMEA UTC (Time) = Apr 25 2023  17:01:03
** Ship:
** Station:
** Operator:
# nquan = 18
# nvalues = 1546                                  
# units = specified
# name 0 = c0S/m: Conductivity [S/m]
# name 1 = depSM: Depth [salt water, m]
# name 2 = flSPuv0: Fluorescence, Seapoint Ultraviolet
# name 3 = flECO-AFL: Fluorescence, WET Labs ECO-AFL/FL [mg/m^3]
# name 4 = latitude: Latitude [deg]
# name 5 = longitude: Longitude [deg]
# name 6 = sbeox0V: Oxygen raw, SBE 43 [V]
# name 7 = sal00: Salinity, Practical [PSU]
# name 8 = potemp090C: Potential Temperature [ITS-90, deg C]
# name 9 = ptempC: Pressure Temperature [deg C]
# name 10 = timeQ: Time, NMEA [seconds]
# name 11 = turbWETntu0: Turbidity, WET Labs ECO [NTU]
# name 12 = v0: Voltage 0
# name 13 = v1: Voltage 1
# name 14 = v2: Voltage 2
# name 15 = v3: Voltage 3
# name 16 = v4: Voltage 4
# name 17 = flag:  0.000e+00
# span 0 =   0.000008,   3.643510                 
# span 1 =      0.245,     14.114                 
# span 2 =     1.1444,    58.5718                 
# span 3 =    -0.3907,    49.2126                 
# span 4 =   34.04426,   34.04484                 
# span 5 =  -77.94064,  -77.93960                 
# span 6 =     2.3324,     2.8408                 
# span 7 =     0.0097,    25.8882                 
# span 8 =    19.1411,    19.9762                 
# span 9 =      21.02,      21.48                 
# span 10 =  735757264,  735757649                
# span 11 =    -0.1310,    24.5859                
# span 12 =     2.3324,     2.8408                
# span 13 =     0.1260,     3.6609                
# span 14 =     0.0179,     4.9783                
# span 15 =     0.0438,     4.9872                
# span 16 =     0.0381,     1.9524                
# span 17 = 0.0000e+00, 0.0000e+00                
# interval = seconds: 0.25
# start_time = Apr 25 2023 17:01:04 [NMEA time, first data scan]
# bad_flag = -9.990e-29
*END*
[from data line 644]
   0.918281      1.263    58.4161     4.2763   34.04462  -77.93984     2.3918     5.7511    19.9673      21.39  735757424     6.3582     2.3919     3.3454     0.4846     1.3416     1.9472  0.000e+00
   0.918222      1.258    58.4367     4.2763   34.04462  -77.93984     2.3940     5.7507    19.9669      21.39  735757424     6.3582     2.3940     3.2930     0.4846     1.3416     1.9479  0.000e+00
   0.918045      1.263    58.4070     4.2305   34.04462  -77.93984     2.3942     5.7496    19.9664      21.39  735757424     6.3624     2.3942     3.2750     0.4800     1.3425     1.9469  0.000e+00
   0.917692      1.274    58.4344     4.2023   34.04462  -77.93984     2.3928     5.7481    19.9601      21.39  735757424     6.3644     2.3928     3.2403     0.4772     1.3429     1.9478  0.000e+00
   0.917466      1.299    58.4184     4.2030   34.04462  -77.93984     2.3912     5.7465    19.9604      21.39  735757425     6.3647     2.3912     3.1574     0.4773     1.3429     1.9473  0.000e+00
   0.917308      1.282    58.3932     4.2038   34.04462  -77.93984     2.3888     5.7454    19.9611      21.39  735757425     6.3647     2.3888     3.2168     0.4774     1.3429     1.9464  0.000e+00
   0.917304      1.276    58.3612     4.2160   34.04462  -77.93984     2.3876     5.7453    19.9614      21.39  735757425     6.3514     2.3876     3.2168     0.4786     1.3403     1.9454  0.000e+00
   0.917081      1.260    58.4070     4.2404   34.04462  -77.93984     2.3896     5.7438    19.9615      21.39  735757425     6.3277     2.3896     3.3080     0.4810     1.3355     1.9469  0.000e+00
   0.916802      1.216    58.4436     4.2404   34.04462  -77.93984     2.3917     5.7418    19.9625      21.39  735757426     6.3277     2.3917     3.3073     0.4810     1.3355     1.9481  0.000e+00
   0.916841      1.233    58.3932     4.2404   34.04462  -77.93984     2.3951     5.7419    19.9637      21.39  735757426     6.3277     2.3951     3.3001     0.4810     1.3355     1.9464  0.000e+00
   0.917119      1.238    58.3978     4.2435   34.04462  -77.93984     2.3974     5.7439    19.9623      21.39  735757426     6.3327     2.3974     3.2461     0.4813     1.3365     1.9466  0.000e+00
   0.917205      1.271    58.4230     4.2770   34.04462  -77.93984     2.3982     5.7454    19.9558      21.39  735757426     6.3773     2.3982     3.2734     0.4847     1.3455     1.9474  0.000e+00
   0.917393      1.284    58.4161     4.2763   34.04462  -77.93986     2.3983     5.7461    19.9597      21.39  735757427     6.3769     2.3983     3.2048     0.4846     1.3454     1.9472  0.000e+00
   0.917959      1.299    58.3749     4.2763   34.04462  -77.93986     2.3978     5.7499    19.9600      21.39  735757427     6.3766     2.3978     3.2064     0.4846     1.3453     1.9458  0.000e+00
   0.917685      1.289    58.3955     4.2763   34.04462  -77.93986     2.3968     5.7477    19.9625      21.39  735757427     6.3769     2.3968     3.2067     0.4846     1.3454     1.9465  0.000e+00
   0.917465      1.270    58.3749     4.2656   34.04462  -77.93986     2.3975     5.7460    19.9643      21.39  735757427     6.3056     2.3975     3.2027     0.4836     1.3311     1.9458  0.000e+00
   0.917353      1.269    58.3680     4.2641   34.04462  -77.93986     2.3986     5.7451    19.9650      21.39  735757428     6.2907     2.3986     3.2582     0.4834     1.3281     1.9456  0.000e+00
   0.917263      1.253    58.4092     4.2648   34.04462  -77.93986     2.3980     5.7451    19.9605      21.38  735757428     6.2907     2.3980     3.2683     0.4835     1.3281     1.9470  0.000e+00
   0.917085      1.246    58.4047     4.2641   34.04462  -77.93986     2.3964     5.7441    19.9593      21.39  735757428     6.2911     2.3964     3.3079     0.4834     1.3282     1.9468  0.000e+00
   0.916962      1.245    58.3749     4.2999   34.04462  -77.93986     2.3953     5.7430    19.9616      21.38  735757428     6.3525     2.3953     3.2333     0.4870     1.3405     1.9458  0.000e+00
   0.916925      1.240    58.3841     4.3243   34.04462  -77.93986     2.3928     5.7424    19.9640      21.38  735757429     6.3953     2.3928     3.2388     0.4894     1.3491     1.9461  0.000e+00
   0.917025      1.258    58.4001     4.3243   34.04462  -77.93986     2.3911     5.7435    19.9609      21.38  735757429     6.3953     2.3911     3.2589     0.4894     1.3491     1.9467  0.000e+00
   0.917193      1.265    58.3932     4.3243   34.04462  -77.93986     2.3897     5.7446    19.9610      21.38  735757429     6.3953     2.3897     3.2313     0.4894     1.3491     1.9464  0.000e+00
   0.917135      1.288    58.4184     4.3274   34.04462  -77.93986     2.3901     5.7440    19.9622      21.38  735757429     6.3602     2.3901     3.2071     0.4897     1.3420     1.9473  0.000e+00
   0.917047      1.284    58.3955     4.3365   34.04462  -77.93986     2.3915     5.7434    19.9629      21.38  735757430     6.2808     2.3915     3.2202     0.4907     1.3262     1.9465  0.000e+00
   0.917027      1.274    58.3703     4.3365   34.04462  -77.93986     2.3957     5.7433    19.9621      21.38  735757430     6.2808     2.3957     3.2048     0.4907     1.3262     1.9457  0.000e+00
   0.917236      1.264    58.3589     4.3365   34.04462  -77.93986     2.3999     5.7446    19.9629      21.38  735757430     6.2808     2.3999     3.2121     0.4907     1.3262     1.9453  0.000e+00
   0.917682      1.247    58.3452     4.3358   34.04462  -77.93986     2.4026     5.7477    19.9628      21.38  735757430     6.2861     2.4026     3.3059     0.4906     1.3272     1.9448  0.000e+00
   0.917892      1.238    58.3566     4.3243   34.04462  -77.93986     2.4023     5.7491    19.9624      21.38  735757431     6.3708     2.4023     3.2909     0.4894     1.3442     1.9452  0.000e+00
   0.918170      1.236    58.3406     4.3236   34.04462  -77.93986     2.3997     5.7508    19.9635      21.38  735757431     6.3708     2.3997     3.2461     0.4894     1.3442     1.9447  0.000e+00
   0.918326      1.255    58.3429     4.3236   34.04462  -77.93986     2.3959     5.7518    19.9641      21.38  735757431     6.3708     2.3959     3.2174     0.4894     1.3442     1.9448  0.000e+00
   0.918298      1.278    58.3177     4.3236   34.04462  -77.93986     2.3925     5.7514    19.9658      21.38  735757431     6.3708     2.3925     3.1800     0.4894     1.3442     1.9439  0.000e+00
   0.918038      1.294    58.3017     4.3236   34.04462  -77.93988     2.3902     5.7498    19.9647      21.38  735757433     6.3609     2.3902     3.1894     0.4894     1.3422     1.9434  0.000e+00
   0.917721      1.283    58.3497     4.3236   34.04462  -77.93988     2.3887     5.7476    19.9652      21.38  735757433     6.3582     2.3887     3.2458     0.4894     1.3416     1.9450  0.000e+00
   0.917706      1.260    58.3841     4.3243   34.04462  -77.93988     2.3860     5.7474    19.9659      21.38  735757433     6.3582     2.3860     3.2236     0.4894     1.3416     1.9461  0.000e+00
   0.917508      1.259    58.3566     4.3236   34.04462  -77.93988     2.3814     5.7461    19.9658      21.38  735757433     6.3582     2.3814     3.2129     0.4894     1.3416     1.9452  0.000e+00
   0.917292      1.264    58.3589     4.3236   34.04462  -77.93988     2.3758     5.7444    19.9674      21.38  735757434     6.3548     2.3758     3.2481     0.4894     1.3410     1.9453  0.000e+00
   0.917001      1.248    58.3818     4.3236   34.04462  -77.93988     2.3726     5.7424    19.9681      21.38  735757434     6.3518     2.3726     3.2341     0.4894     1.3404     1.9461  0.000e+00
   0.916499      1.252    58.3223     4.3243   34.04462  -77.93988     2.3728     5.7391    19.9670      21.38  735757434     6.3518     2.3728     3.2618     0.4894     1.3404     1.9441  0.000e+00
   0.916516      1.284    58.3520     4.3243   34.04462  -77.93988     2.3754     5.7392    19.9674      21.38  735757434     6.3521     2.3754     3.2346     0.4894     1.3404     1.9451  0.000e+00
   0.916652      1.335    58.3452     4.3342   34.04462  -77.93988     2.3800     5.7401    19.9673      21.38  735757435     6.3869     2.3800     3.1887     0.4904     1.3474     1.9448  0.000e+00
   0.916471      1.413    58.3543     4.3602   34.04462  -77.93988     2.3840     5.7392    19.9652      21.37  735757435     6.4696     2.3840     3.1060     0.4930     1.3639     1.9451  0.000e+00
   0.916575      1.519    58.3566     4.3594   34.04462  -77.93988     2.3866     5.7407    19.9591      21.38  735757435     6.4693     2.3866     3.0045     0.4929     1.3639     1.9452  0.000e+00
   0.917203      1.581    58.3360     4.3594   34.04462  -77.93988     2.3888     5.7457    19.9533      21.37  735757435     6.4693     2.3888     2.9200     0.4929     1.3639     1.9445  0.000e+00
   0.917481      1.663    58.3154     4.3510   34.04462  -77.93988     2.3908     5.7475    19.9540      21.37  735757436     6.4765     2.3908     2.9017     0.4921     1.3653     1.9438  0.000e+00
   0.917082      1.717    58.2902     4.1641   34.04462  -77.93988     2.3931     5.7456    19.9476      21.37  735757436     6.6455     2.3931     2.8009     0.4734     1.3991     1.9430  0.000e+00
   0.919076      1.803    58.2422     4.1633   34.04462  -77.93988     2.3952     5.7619    19.9264      21.37  735757436     6.6463     2.3952     2.7714     0.4733     1.3993     1.9414  0.000e+00
   0.937199      1.884    58.2216     4.1641   34.04462  -77.93988     2.3954     5.8873    19.9042      21.37  735757436     6.6466     2.3954     2.7226     0.4734     1.3993     1.9407  0.000e+00
   0.959415      1.962    58.1666     4.1633   34.04462  -77.93988     2.3989     6.0406    19.8826      21.37  735757437     6.6463     2.3989     2.6452     0.4733     1.3993     1.9389  0.000e+00
   0.981496      2.036    58.1003     3.9306   34.04462  -77.93988     2.4040     6.1932    19.8626      21.37  735757437     6.8587     2.4040     2.5818     0.4501     1.4417     1.9367  0.000e+00
   1.013684      2.125    58.0705     3.8650   34.04462  -77.93988     2.4069     6.4131    19.8567      21.37  735757437     6.9213     2.4069     2.5109     0.4435     1.4543     1.9357  0.000e+00
   1.029263      2.170    58.0407     3.8650   34.04462  -77.93988     2.4076     6.5208    19.8472      21.37  735757437     6.9217     2.4076     2.4349     0.4435     1.4543     1.9347  0.000e+00
   1.048717      2.219    57.9835     3.8650   34.04462  -77.93988     2.4066     6.6548    19.8401      21.37  735757438     6.9217     2.4066     2.4226     0.4435     1.4543     1.9328  0.000e+00
   1.058425      2.276    57.9469     3.8017   34.04462  -77.93988     2.4073     6.7214    19.8385      21.37  735757438     6.7737     2.4073     2.4019     0.4372     1.4247     1.9316  0.000e+00
   1.060645      2.326    57.9561     3.7437   34.04462  -77.93988     2.4102     6.7370    19.8362      21.37  735757438     6.6344     2.4102     2.3516     0.4314     1.3969     1.9319  0.000e+00
   1.062447      2.411    57.8691     3.7437   34.04462  -77.93988     2.4138     6.7498    19.8329      21.37  735757438     6.6344     2.4138     2.2824     0.4314     1.3969     1.9290  0.000e+00
   1.072114      2.495    57.5692     3.7430   34.04462  -77.93988     2.4169     6.8174    19.8244      21.37  735757439     6.6341     2.4169     2.2219     0.4313     1.3968     1.9190  0.000e+00
   1.114887      2.568    57.2580     3.7491   34.04462  -77.93988     2.4196     7.1113    19.8232      21.37  735757439     6.6749     2.4196     2.1722     0.4319     1.4050     1.9086  0.000e+00
   1.183578      2.621    56.8093     3.7666   34.04462  -77.93988     2.4230     7.5762    19.8741      21.37  735757439     6.7950     2.4230     2.1125     0.4337     1.4290     1.8936  0.000e+00
   1.251687      2.714    56.3401     3.7666   34.04462  -77.93988     2.4263     8.0377    19.9296      21.37  735757439     6.7947     2.4263     2.0516     0.4337     1.4289     1.8780  0.000e+00
   1.289649      2.787    55.8732     3.7666   34.04464  -77.93990     2.4299     8.2964    19.9563      21.37  735757440     6.7947     2.4299     1.9795     0.4337     1.4289     1.8624  0.000e+00
   1.315889      2.860    55.6924     3.7651   34.04464  -77.93990     2.4314     8.4773    19.9650      21.37  735757440     6.7931     2.4314     1.9214     0.4335     1.4286     1.8564  0.000e+00
   1.351844      2.944    55.5047     3.6224   34.04464  -77.93990     2.4340     8.7420    19.8979      21.37  735757440     6.4673     2.4340     1.8681     0.4192     1.3635     1.8502  0.000e+00
   1.394508      3.026    55.2209     3.6209   34.04464  -77.93990     2.4376     9.0471    19.8689      21.37  735757440     6.4635     2.4376     1.8224     0.4191     1.3627     1.8407  0.000e+00
   1.422063      3.084    55.1133     3.6209   34.04464  -77.93990     2.4388     9.2435    19.8569      21.37  735757441     6.4635     2.4388     1.7979     0.4191     1.3627     1.8371  0.000e+00
   1.441520      3.153    54.9828     3.6201   34.04464  -77.93990     2.4398     9.3847    19.8380      21.37  735757441     6.4632     2.4398     1.7629     0.4190     1.3626     1.8328  0.000e+00
   1.459614      3.215    54.6464     3.4401   34.04464  -77.93990     2.4410     9.5186    19.8102      21.37  735757441     6.2560     2.4410     1.7117     0.4010     1.3212     1.8215  0.000e+00
   1.485128      3.287    54.1909     3.3775   34.04464  -77.93990     2.4417     9.7058    19.7809      21.37  735757441     6.1820     2.4417     1.6322     0.3948     1.3064     1.8064  0.000e+00
   1.587929      3.368    53.3967     3.3767   34.04464  -77.93990     2.4439    10.4413    19.7617      21.37  735757442     6.1824     2.4439     1.5579     0.3947     1.3065     1.7799  0.000e+00
   1.664425      3.449    52.8611     3.3767   34.04464  -77.93990     2.4449    10.9860    19.7711      21.37  735757442     6.1824     2.4449     1.5001     0.3947     1.3065     1.7620  0.000e+00
   1.786351      3.532    52.3575     3.2593   34.04464  -77.93990     2.4442    11.8632    19.7720      21.37  735757442     5.8845     2.4442     1.4650     0.3829     1.2469     1.7453  0.000e+00
   1.861667      3.608    51.8631     3.1364   34.04464  -77.93990     2.4421    12.4096    19.7681      21.36  735757442     5.5659     2.4421     1.4321     0.3706     1.1832     1.7288  0.000e+00
   1.884617      3.676    51.5221     3.1357   34.04464  -77.93990     2.4410    12.5757    19.7698      21.37  735757442     5.5655     2.4410     1.3883     0.3706     1.1831     1.7174  0.000e+00
   1.877112      3.729    51.2497     3.1364   34.04464  -77.93990     2.4432    12.5208    19.7712      21.36  735757442     5.5655     2.4432     1.3430     0.3706     1.1831     1.7083  0.000e+00
   1.917769      3.793    51.1490     3.0815   34.04464  -77.93990     2.4450    12.8164    19.7710      21.36  735757442     5.4431     2.4450     1.2959     0.3651     1.1586     1.7050  0.000e+00
   1.936526      3.853    50.9865     2.9022   34.04464  -77.93990     2.4466    12.9530    19.7710      21.36  735757442     5.0189     2.4466     1.2463     0.3472     1.0738     1.6995  0.000e+00
   1.972249      3.925    50.7439     2.9030   34.04464  -77.93990     2.4479    13.2134    19.7715      21.36  735757443     5.0200     2.4479     1.1991     0.3473     1.0740     1.6915  0.000e+00
   2.000731      3.989    50.5837     2.9030   34.04464  -77.93990     2.4506    13.4213    19.7724      21.36  735757443     5.0200     2.4506     1.1650     0.3473     1.0740     1.6861  0.000e+00
   2.016791      4.091    50.4715     2.9022   34.04464  -77.93990     2.4502    13.5386    19.7729      21.36  735757443     5.0200     2.4502     1.1280     0.3472     1.0740     1.6824  0.000e+00
