CTD/data/rosette/20230425/station 1.cnv
* Sea-Bird SBE 25plus Data File:
* FileName = C:\Users\CTD\Desktop\SBE25 Data\042523\station 1.hex
* Software Version Seasave V 7.26.1.8
* Temperature SN = 6681
* Conductivity SN = 6071
* System UpLoad Time = Apr 25 2023 17:01:50
* NMEA Latitude = 34 02.66 N
* NMEA Longitude = 077 56.38 W
* NMEA UTC (Time) = Apr 25 2023  17:01:03
** Ship:
** Station:
** Operator:
# nquan = 18
# nvalues = 1546                                  
# units = specified
# name 0 = c0S/m: Conductivity [S/m]
# name 1 = depSM: Depth [salt water, m]
# name 2 = flSPuv0: Fluorescence, Seapoint Ultraviolet
# name 3 = flECO-AFL: Fluorescence, WET Labs ECO-AFL/FL [mg/m^3]
# name 4 = latitude: Latitude [deg]
# name 5 = longitude: Longitude [deg]
# name 6 = sbeox0V: Oxygen raw, SBE 43 [V]
# name 7 = sal00: Salinity, Practical [PSU]
# name 8 = potemp090C: Potential Temperature [ITS-90, deg C]
# name 9 = ptempC: Pressure Temperature [deg C]
# name 10 = timeQ: Time, NMEA [seconds]
# name 11 = turbWETntu0: Turbidity, WET Labs ECO [NTU]
# name 12 = v0: Voltage 0
# name 13 = v1: Voltage 1
# name 14 = v2: Voltage 2
# name 15 = v3: Voltage 3
# name 16 = v4: Voltage 4
# name 17 = flag:  0.000e+00
# span 0 =   0.000008,   3.643510                 
# span 1 =      0.245,     14.114                 
# span 2 =     1.1444,    58.5718                 
# span 3 =    -0.3907,    49.2126                 
# span 4 =   34.04426,   34.04484                 
# span 5 =  -77.94064,  -77.93960                 
# span 6 =     2.3324,     2.8408                 
# span 7 =     0.0097,    25.8882                 
# span 8 =    19.1411,    19.9762                 
# span 9 =      21.02,      21.48                 
# span 10 =  735757264,  735757649                
# span 11 =    -0.1310,    24.5859                
# span 12 =     2.3324,     2.8408                
# span 13 =     0.1260,     3.6609                
# span 14 =     0.0179,     4.9783                
# span 15 =     0.0438,     4.9872                
# span 16 =     0.0381,     1.9524                
# span 17 = 0.0000e+00, 0.0000e+00                
# interval = seconds: 0.25
# start_time = Apr 25 2023 17:01:04 [NMEA time, first data scan]
# bad_flag = -9.990e-29
*END*
[from data line 322]
   1.016563      1.252    58.2353     4.0245   34.04444  -77.93966     2.3634     6.4261    19.9008      21.47  735757343     6.1450     2.3634     3.2399     0.4594     1.2990     1.9412  0.000e+00
   1.019392      1.276    58.2513     4.0733   34.04444  -77.93966     2.3648     6.4452    19.9020      21.46  735757343     6.2198     2.3648     3.2584     0.4643     1.3140     1.9417  0.000e+00
   1.018227      1.274    58.2742     4.0726   34.04444  -77.93966     2.3661     6.4372    19.9025      21.46  735757344     6.2190     2.3661     3.1498     0.4643     1.3138     1.9425  0.000e+00
   1.016619      1.271    58.2444     4.0733   34.04444  -77.93966     2.3685     6.4267    19.8995      21.46  735757344     6.2190     2.3685     3.1903     0.4643     1.3138     1.9415  0.000e+00
   1.016705      1.259    58.2376     4.0733   34.04444  -77.93966     2.3715     6.4265    19.9045      21.46  735757344     6.2194     2.3715     3.1776     0.4643     1.3139     1.9413  0.000e+00
   1.017857      1.257    58.2650     4.2053   34.04444  -77.93966     2.3730     6.4338    19.9081      21.46  735757344     6.1847     2.3730     3.2470     0.4775     1.3069     1.9422  0.000e+00
   1.015562      1.240    58.2742     4.2137   34.04446  -77.93966     2.3723     6.4189    19.9039      21.46  735757346     6.1820     2.3723     3.2731     0.4784     1.3064     1.9425  0.000e+00
   1.013501      1.248    58.2490     4.2145   34.04446  -77.93966     2.3711     6.4049    19.9032      21.46  735757346     6.1820     2.3711     3.2475     0.4784     1.3064     1.9416  0.000e+00
   1.014489      1.248    58.2399     4.2145   34.04446  -77.93966     2.3708     6.4112    19.9063      21.46  735757346     6.1820     2.3708     3.2377     0.4784     1.3064     1.9413  0.000e+00
   1.014209      1.270    58.2353     4.2808   34.04446  -77.93966     2.3729     6.4081    19.9142      21.46  735757346     6.2694     2.3729     3.1610     0.4851     1.3239     1.9412  0.000e+00
   1.010209      1.273    58.2513     4.3114   34.04446  -77.93966     2.3761     6.3808    19.9148      21.46  735757347     6.3090     2.3761     3.1213     0.4881     1.3318     1.9417  0.000e+00
   1.000271      1.287    58.2261     4.3114   34.04446  -77.93966     2.3799     6.3125    19.9194      21.46  735757347     6.3090     2.3799     3.1608     0.4881     1.3318     1.9409  0.000e+00
   0.996352      1.257    58.2307     4.3121   34.04446  -77.93966     2.3825     6.2852    19.9242      21.46  735757347     6.3094     2.3825     3.2818     0.4882     1.3319     1.9410  0.000e+00
   0.992084      1.247    58.2353     4.3007   34.04446  -77.93966     2.3822     6.2555    19.9292      21.46  735757347     6.2255     2.3822     3.3169     0.4871     1.3151     1.9412  0.000e+00
   0.985662      1.252    58.2536     4.2877   34.04446  -77.93966     2.3806     6.2120    19.9289      21.46  735757348     6.1088     2.3806     3.2823     0.4858     1.2918     1.9418  0.000e+00
   0.979520      1.266    58.2628     4.2869   34.04446  -77.93966     2.3762     6.1701    19.9305      21.46  735757348     6.1084     2.3762     3.1843     0.4857     1.2917     1.9421  0.000e+00
   0.978766      1.265    58.2307     4.2877   34.04446  -77.93966     2.3723     6.1648    19.9313      21.46  735757348     6.1084     2.3723     3.1878     0.4858     1.2917     1.9410  0.000e+00
   0.977216      1.283    58.2238     4.2908   34.04446  -77.93966     2.3685     6.1544    19.9310      21.46  735757348     6.1248     2.3685     3.2046     0.4861     1.2950     1.9408  0.000e+00
   0.976197      1.286    58.2307     4.3114   34.04446  -77.93966     2.3699     6.1470    19.9341      21.46  735757349     6.2072     2.3699     3.2517     0.4881     1.3114     1.9410  0.000e+00
   0.975717      1.271    58.2628     4.3114   34.04446  -77.93966     2.3720     6.1433    19.9376      21.46  735757349     6.2068     2.3720     3.2576     0.4881     1.3114     1.9421  0.000e+00
   0.973562      1.255    58.3131     4.3114   34.04446  -77.93966     2.3730     6.1285    19.9386      21.46  735757349     6.2068     2.3730     3.2249     0.4881     1.3114     1.9438  0.000e+00
   0.970748      1.247    58.3154     4.3114   34.04446  -77.93966     2.3725     6.1094    19.9386      21.46  735757349     6.2072     2.3725     3.1983     0.4881     1.3114     1.9438  0.000e+00
   0.969937      1.262    58.2994     4.2793   34.04446  -77.93966     2.3713     6.1041    19.9378      21.46  735757350     6.2179     2.3713     3.2374     0.4849     1.3136     1.9433  0.000e+00
   0.970437      1.282    58.2467     4.2755   34.04446  -77.93966     2.3703     6.1075    19.9374      21.46  735757350     6.2190     2.3703     3.2549     0.4846     1.3138     1.9416  0.000e+00
   0.970435      1.286    58.2101     4.2747   34.04446  -77.93966     2.3681     6.1076    19.9368      21.46  735757350     6.2190     2.3681     3.1982     0.4845     1.3138     1.9403  0.000e+00
   0.970167      1.300    58.0613     4.2747   34.04446  -77.93966     2.3657     6.1055    19.9388      21.46  735757350     6.2190     2.3657     3.1501     0.4845     1.3138     1.9354  0.000e+00
   0.969812      1.285    58.0659     4.3388   34.04446  -77.93966     2.3648     6.1032    19.9380      21.46  735757351     6.2388     2.3648     3.1687     0.4909     1.3178     1.9355  0.000e+00
   0.968325      1.243    58.0499     4.3724   34.04446  -77.93966     2.3653     6.0931    19.9383      21.46  735757351     6.2499     2.3653     3.2638     0.4942     1.3200     1.9350  0.000e+00
   0.967843      1.237    58.0591     4.3724   34.04446  -77.93966     2.3663     6.0897    19.9390      21.46  735757351     6.2499     2.3663     3.3337     0.4942     1.3200     1.9353  0.000e+00
   0.967348      1.244    58.1117     4.3716   34.04446  -77.93966     2.3675     6.0865    19.9378      21.46  735757351     6.2499     2.3675     3.3009     0.4942     1.3200     1.9371  0.000e+00
   0.967302      1.264    58.1209     4.4044   34.04446  -77.93966     2.3680     6.0862    19.9382      21.46  735757351     6.3052     2.3680     3.1737     0.4974     1.3310     1.9374  0.000e+00
   0.967826      1.269    58.0911     4.4571   34.04446  -77.93966     2.3690     6.0896    19.9388      21.46  735757352     6.3953     2.3690     3.1085     0.5027     1.3491     1.9364  0.000e+00
   0.966162      1.282    58.0659     4.4571   34.04446  -77.93966     2.3703     6.0781    19.9403      21.46  735757352     6.3953     2.3703     3.2060     0.5027     1.3491     1.9355  0.000e+00
   0.965051      1.267    58.0842     4.4571   34.04446  -77.93966     2.3726     6.0705    19.9409      21.46  735757352     6.3953     2.3726     3.2461     0.5027     1.3491     1.9361  0.000e+00
   0.961826      1.262    58.0980     4.4510   34.04446  -77.93966     2.3729     6.0487    19.9406      21.46  735757352     6.3769     2.3729     3.2846     0.5021     1.3454     1.9366  0.000e+00
   0.960278      1.277    58.0797     4.4083   34.04446  -77.93966     2.3732     6.0384    19.9396      21.46  735757353     6.2617     2.3732     3.1961     0.4978     1.3223     1.9360  0.000e+00
   0.960348      1.282    58.1003     4.4090   34.04446  -77.93966     2.3725     6.0390    19.9388      21.46  735757353     6.2621     2.3725     3.1910     0.4979     1.3224     1.9367  0.000e+00
   0.960593      1.274    58.1186     4.4083   34.04446  -77.93966     2.3754     6.0407    19.9386      21.46  735757353     6.2621     2.3754     3.1609     0.4978     1.3224     1.9373  0.000e+00
   0.961212      1.261    58.1300     4.4090   34.04446  -77.93966     2.3776     6.0448    19.9388      21.46  735757353     6.2625     2.3776     3.1863     0.4979     1.3225     1.9377  0.000e+00
   0.962239      1.231    58.1346     4.3663   34.04446  -77.93966     2.3790     6.0517    19.9395      21.46  735757354     6.2835     2.3790     3.2463     0.4936     1.3267     1.9378  0.000e+00
   0.962034      1.253    58.1300     4.3610   34.04446  -77.93966     2.3793     6.0503    19.9396      21.46  735757354     6.2869     2.3793     3.3677     0.4931     1.3274     1.9377  0.000e+00
   0.961183      1.265    58.1323     4.3610   34.04446  -77.93966     2.3803     6.0445    19.9395      21.46  735757354     6.2869     2.3803     3.2971     0.4931     1.3274     1.9377  0.000e+00
   0.961067      1.287    58.1735     4.3602   34.04448  -77.93966     2.3819     6.0432    19.9432      21.46  735757354     6.2865     2.3819     3.1824     0.4930     1.3273     1.9391  0.000e+00
   0.960322      1.278    58.1666     4.3594   34.04448  -77.93966     2.3830     6.0382    19.9430      21.46  735757355     6.3045     2.3830     3.0939     0.4929     1.3309     1.9389  0.000e+00
   0.956965      1.285    58.1437     4.3594   34.04448  -77.93966     2.3841     6.0154    19.9442      21.46  735757355     6.3155     2.3841     3.1523     0.4929     1.3331     1.9381  0.000e+00
   0.954876      1.273    58.0934     4.3602   34.04448  -77.93966     2.3868     6.0013    19.9434      21.46  735757355     6.3151     2.3868     3.2670     0.4930     1.3330     1.9364  0.000e+00
   0.955383      1.248    58.1025     4.3610   34.04448  -77.93966     2.3884     6.0046    19.9444      21.46  735757355     6.3151     2.3884     3.3329     0.4931     1.3330     1.9368  0.000e+00
   0.956818      1.270    58.1323     4.3770   34.04448  -77.93966     2.3889     6.0140    19.9469      21.46  735757356     6.2846     2.3889     3.2911     0.4947     1.3269     1.9377  0.000e+00
   0.955223      1.278    58.1392     4.4090   34.04448  -77.93966     2.3867     6.0030    19.9482      21.46  735757356     6.2251     2.3867     3.2084     0.4979     1.3150     1.9380  0.000e+00
   0.953555      1.244    58.1140     4.4083   34.04448  -77.93966     2.3859     5.9918    19.9474      21.46  735757356     6.2251     2.3859     3.1870     0.4978     1.3150     1.9371  0.000e+00
   0.952506      1.260    58.1025     4.4090   34.04448  -77.93966     2.3851     5.9848    19.9470      21.46  735757356     6.2251     2.3851     3.2161     0.4979     1.3150     1.9368  0.000e+00
   0.951887      1.264    58.1277     4.4105   34.04448  -77.93966     2.3854     5.9806    19.9470      21.46  735757356     6.2385     2.3854     3.3065     0.4981     1.3177     1.9376  0.000e+00
   0.952176      1.267    58.1277     4.4212   34.04448  -77.93966     2.3853     5.9824    19.9484      21.46  735757356     6.3460     2.3853     3.2853     0.4991     1.3392     1.9376  0.000e+00
   0.952445      1.288    58.0819     4.4212   34.04448  -77.93966     2.3848     5.9831    19.9561      21.46  735757356     6.3460     2.3848     3.2609     0.4991     1.3392     1.9361  0.000e+00
   0.949589      1.297    58.1186     4.4212   34.04448  -77.93968     2.3835     5.9635    19.9582      21.46  735757357     6.3457     2.3835     3.1533     0.4991     1.3391     1.9373  0.000e+00
   0.944582      1.270    58.1117     4.4212   34.04448  -77.93968     2.3825     5.9300    19.9559      21.46  735757357     6.3460     2.3825     3.1490     0.4991     1.3392     1.9371  0.000e+00
   0.943172      1.264    58.0934     4.4006   34.04448  -77.93968     2.3833     5.9207    19.9545      21.46  735757357     6.3609     2.3833     3.2312     0.4971     1.3422     1.9364  0.000e+00
   0.943383      1.252    58.0980     4.3976   34.04448  -77.93968     2.3841     5.9222    19.9538      21.46  735757357     6.3644     2.3841     3.2831     0.4968     1.3429     1.9366  0.000e+00
   0.943776      1.243    58.1186     4.3976   34.04448  -77.93968     2.3870     5.9249    19.9535      21.46  735757358     6.3644     2.3870     3.3504     0.4968     1.3429     1.9373  0.000e+00
   0.945616      1.234    58.1300     4.3960   34.04448  -77.93968     2.3887     5.9375    19.9523      21.46  735757358     6.3644     2.3887     3.2676     0.4966     1.3429     1.9377  0.000e+00
   0.946652      1.255    58.1758     4.4258   34.04448  -77.93968     2.3878     5.9451    19.9477      21.46  735757358     6.3602     2.3878     3.2567     0.4996     1.3420     1.9392  0.000e+00
   0.948465      1.270    58.1872     4.4449   34.04448  -77.93968     2.3846     5.9567    19.9524      21.46  735757358     6.3579     2.3846     3.1556     0.5015     1.3416     1.9396  0.000e+00
   0.949927      1.302    58.1941     4.4456   34.04448  -77.93968     2.3801     5.9662    19.9553      21.46  735757360     6.3582     2.3801     3.1592     0.5016     1.3416     1.9398  0.000e+00
   0.947517      1.317    58.1598     4.4456   34.04448  -77.93968     2.3760     5.9502    19.9535      21.46  735757360     6.3582     2.3760     3.2065     0.5016     1.3416     1.9387  0.000e+00
   0.944713      1.280    58.0911     4.4533   34.04448  -77.93968     2.3728     5.9313    19.9531      21.46  735757360     6.3510     2.3728     3.2577     0.5023     1.3402     1.9364  0.000e+00
   0.944337      1.264    58.1552     4.4708   34.04448  -77.93968     2.3714     5.9288    19.9531      21.46  735757360     6.3338     2.3714     3.3134     0.5041     1.3368     1.9385  0.000e+00
   0.945518      1.249    58.1643     4.4708   34.04448  -77.93968     2.3722     5.9367    19.9534      21.46  735757361     6.3338     2.3722     3.2807     0.5041     1.3368     1.9388  0.000e+00
   0.946474      1.247    58.1598     4.4708   34.04448  -77.93968     2.3738     5.9431    19.9538      21.46  735757361     6.3338     2.3738     3.2373     0.5041     1.3368     1.9387  0.000e+00
   0.945837      1.242    58.1300     4.4685   34.04448  -77.93968     2.3762     5.9387    19.9543      21.46  735757361     6.3327     2.3762     3.1828     0.5039     1.3365     1.9377  0.000e+00
   0.945765      1.259    58.1392     4.4456   34.04448  -77.93968     2.3802     5.9382    19.9547      21.46  735757361     6.3151     2.3802     3.2128     0.5016     1.3330     1.9380  0.000e+00
   0.945594      1.270    58.1735     4.4464   34.04448  -77.93968     2.3859     5.9368    19.9566      21.46  735757362     6.3151     2.3859     3.2349     0.5016     1.3330     1.9391  0.000e+00
   0.945088      1.273    58.0934     4.4464   34.04448  -77.93968     2.3891     5.9334    19.9565      21.45  735757362     6.3151     2.3891     3.2530     0.5016     1.3330     1.9364  0.000e+00
   0.944682      1.285    58.0957     4.4456   34.04448  -77.93968     2.3880     5.9306    19.9563      21.45  735757362     6.3151     2.3880     3.2288     0.5016     1.3330     1.9365  0.000e+00
   0.943925      1.294    58.0545     4.4548   34.04448  -77.93968     2.3851     5.9253    19.9583      21.45  735757362     6.3247     2.3851     3.1894     0.5025     1.3349     1.9351  0.000e+00
   0.942908      1.281    58.1140     4.4571   34.04448  -77.93968     2.3830     5.9184    19.9580      21.46  735757363     6.3273     2.3830     3.1711     0.5027     1.3355     1.9371  0.000e+00
   0.941288      1.252    58.1071     4.4571   34.04448  -77.93968     2.3825     5.9076    19.9570      21.46  735757363     6.3273     2.3825     3.2127     0.5027     1.3355     1.9369  0.000e+00
   0.940971      1.232    58.1163     4.4578   34.04448  -77.93968     2.3807     5.9057    19.9553      21.46  735757363     6.3273     2.3807     3.2702     0.5028     1.3355     1.9372  0.000e+00
   0.941712      1.243    58.1163     4.4510   34.04448  -77.93968     2.3806     5.9107    19.9557      21.45  735757363     6.2892     2.3806     3.3309     0.5021     1.3278     1.9372  0.000e+00
   0.942880      1.248    58.0819     4.4464   34.04448  -77.93968     2.3818     5.9183    19.9578      21.46  735757364     6.2564     2.3818     3.2760     0.5016     1.3213     1.9361  0.000e+00
   0.942211      1.260    58.1071     4.4456   34.04448  -77.93968     2.3834     5.9136    19.9585      21.45  735757364     6.2560     2.3834     3.2190     0.5016     1.3212     1.9369  0.000e+00
