CTD/data/rosette/20230425/station 1.cnv
* Sea-Bird SBE 25plus Data File:
* FileName = C:\Users\CTD\Desktop\SBE25 Data\042523\station 1.hex
* Software Version Seasave V 7.26.1.8
* Temperature SN = 6681
* Conductivity SN = 6071
* System UpLoad Time = Apr 25 2023 17:01:50
* NMEA Latitude = 34 02.66 N
* NMEA Longitude = 077 56.38 W
* NMEA UTC (Time) = Apr 25 2023  17:01:03
** Ship:
** Station:
** Operator:
# nquan = 18
# nvalues = 1546                                  
# units = specified
# name 0 = c0S/m: Conductivity [S/m]
# name 1 = depSM: Depth [salt water, m]
# name 2 = flSPuv0: Fluorescence, Seapoint Ultraviolet
# name 3 = flECO-AFL: Fluorescence, WET Labs ECO-AFL/FL [mg/m^3]
# name 4 = latitude: Latitude [deg]
# name 5 = longitude: Longitude [deg]
# name 6 = sbeox0V: Oxygen raw, SBE 43 [V]
# name 7 = sal00: Salinity, Practical [PSU]
# name 8 = potemp090C: Potential Temperature [ITS-90, deg C]
# name 9 = ptempC: Pressure Temperature [deg C]
# name 10 = timeQ: Time, NMEA [seconds]
# name 11 = turbWETntu0: Turbidity, WET Labs ECO [NTU]
# name 12 = v0: Voltage 0
# name 13 = v1: Voltage 1
# name 14 = v2: Voltage 2
# name 15 = v3: Voltage 3
# name 16 = v4: Voltage 4
# name 17 = flag:  0.000e+00
# span 0 =   0.000008,   3.643510                 
# span 1 =      0.245,     14.114                 
# span 2 =     1.1444,    58.5718                 
# span 3 =    -0.3907,    49.2126                 
# span 4 =   34.04426,   34.04484                 
# span 5 =  -77.94064,  -77.93960                 
# span 6 =     2.3324,     2.8408                 
# span 7 =     0.0097,    25.8882                 
# span 8 =    19.1411,    19.9762                 
# span 9 =      21.02,      21.48                 
# span 10 =  735757264,  735757649                
# span 11 =    -0.1310,    24.5859                
# span 12 =     2.3324,     2.8408                
# span 13 =     0.1260,     3.6609                
# span 14 =     0.0179,     4.9783                
# span 15 =     0.0438,     4.9872                
# span 16 =     0.0381,     1.9524                
# span 17 = 0.0000e+00, 0.0000e+00                
# interval = seconds: 0.25
# start_time = Apr 25 2023 17:01:04 [NMEA time, first data scan]
# bad_flag = -9.990e-29
*END*
[from data line 965]
   3.640126     13.909    25.2163     3.0700   34.04470  -77.94012     2.4820    25.8597    19.8309      21.27  735757505    21.4914     2.4820     0.1261     0.3640     4.3683     0.8405  0.000e+00
   3.640424     13.925    25.2346     3.1204   34.04470  -77.94012     2.4833    25.8621    19.8308      21.27  735757505    21.3582     2.4833     0.1260     0.3690     4.3416     0.8412  0.000e+00
   3.640721     13.940    25.1408     3.1196   34.04470  -77.94014     2.4813    25.8644    19.8309      21.27  735757505    21.3582     2.4813     0.1260     0.3690     4.3416     0.8380  0.000e+00
   3.640804     13.957    25.0744     3.1196   34.04470  -77.94014     2.4769    25.8651    19.8308      21.27  735757506    21.3590     2.4768     0.1261     0.3690     4.3418     0.8358  0.000e+00
   3.640870     13.967    25.0446     3.1151   34.04470  -77.94014     2.4732    25.8657    19.8307      21.27  735757506    21.3544     2.4732     0.1260     0.3685     4.3409     0.8348  0.000e+00
   3.640945     13.978    25.0286     3.0212   34.04470  -77.94014     2.4708    25.8662    19.8308      21.27  735757506    21.2793     2.4708     0.1260     0.3591     4.3259     0.8343  0.000e+00
   3.640922     13.984    25.1293     3.0220   34.04470  -77.94014     2.4687    25.8662    19.8306      21.27  735757506    21.2793     2.4687     0.1260     0.3592     4.3259     0.8376  0.000e+00
   3.640860     14.004    25.0355     3.0220   34.04470  -77.94014     2.4693    25.8657    19.8306      21.27  735757507    21.2789     2.4693     0.1260     0.3592     4.3258     0.8345  0.000e+00
   3.640826     13.997    25.0629     3.0212   34.04470  -77.94014     2.4716    25.8656    19.8304      21.27  735757507    21.2797     2.4716     0.1261     0.3591     4.3259     0.8354  0.000e+00
   3.640751     14.009    25.0423     2.8640   34.04470  -77.94014     2.4723    25.8649    19.8304      21.27  735757507    21.0870     2.4723     0.1260     0.3434     4.2874     0.8347  0.000e+00
   3.640850     14.007    25.0309     2.8259   34.04470  -77.94014     2.4723    25.8657    19.8304      21.27  735757507    21.0386     2.4723     0.1260     0.3396     4.2777     0.8344  0.000e+00
   3.640866     14.020    24.9966     2.8259   34.04470  -77.94014     2.4727    25.8657    19.8306      21.27  735757508    21.0386     2.4727     0.1261     0.3396     4.2777     0.8332  0.000e+00
   3.640623     14.038    24.9943     2.8259   34.04470  -77.94014     2.4727    25.8636    19.8308      21.27  735757508    21.0378     2.4726     0.1260     0.3396     4.2776     0.8331  0.000e+00
   3.640607     14.052    24.9531     2.8709   34.04470  -77.94014     2.4737    25.8636    19.8306      21.27  735757508    21.0512     2.4737     0.1260     0.3441     4.2802     0.8318  0.000e+00
   3.640562     14.052    24.9073     2.9113   34.04470  -77.94014     2.4765    25.8634    19.8305      21.27  735757508    21.0630     2.4765     0.1260     0.3481     4.2826     0.8302  0.000e+00
   3.640540     14.016    24.9027     2.9113   34.04470  -77.94014     2.4769    25.8632    19.8305      21.26  735757509    21.0637     2.4769     0.1261     0.3481     4.2827     0.8301  0.000e+00
   3.640550     14.005    24.9348     2.9113   34.04470  -77.94014     2.4793    25.8632    19.8306      21.26  735757509    21.0630     2.4793     0.1260     0.3481     4.2826     0.8312  0.000e+00
   3.640627     13.976    24.9645     2.9442   34.04470  -77.94014     2.4801    25.8639    19.8305      21.26  735757509    21.1240     2.4801     0.1260     0.3514     4.2948     0.8322  0.000e+00
   3.640585     13.976    25.0126     3.0342   34.04470  -77.94014     2.4825    25.8635    19.8306      21.26  735757509    21.2861     2.4825     0.1261     0.3604     4.3272     0.8338  0.000e+00
   3.640542     14.001    25.0835     3.0334   34.04470  -77.94014     2.4856    25.8631    19.8307      21.26  735757510    21.2858     2.4855     0.1260     0.3603     4.3272     0.8361  0.000e+00
   3.639992     14.034    25.0515     3.0342   34.04470  -77.94014     2.4871    25.8587    19.8308      21.26  735757510    21.2861     2.4871     0.1260     0.3604     4.3272     0.8350  0.000e+00
   3.640409     14.075    25.0172     3.0334   34.04470  -77.94014     2.4862    25.8620    19.8308      21.26  735757510    21.2903     2.4862     0.1260     0.3603     4.3281     0.8339  0.000e+00
   3.640469     14.095    25.0309     3.0212   34.04470  -77.94014     2.4845    25.8624    19.8308      21.26  735757510    21.5238     2.4845     0.1260     0.3591     4.3748     0.8344  0.000e+00
   3.640348     14.100    25.0217     3.0212   34.04470  -77.94014     2.4811    25.8615    19.8308      21.26  735757510    21.5253     2.4811     0.1261     0.3591     4.3751     0.8341  0.000e+00
   3.640387     14.075    25.0469     3.0212   34.04470  -77.94014     2.4785    25.8619    19.8307      21.26  735757510    21.5253     2.4785     0.1260     0.3591     4.3751     0.8349  0.000e+00
   3.640336     14.038    25.0652     3.0220   34.04470  -77.94014     2.4768    25.8615    19.8307      21.26  735757510    21.5253     2.4768     0.1260     0.3592     4.3751     0.8355  0.000e+00
   3.640041     14.016    25.0492     3.0769   34.04470  -77.94016     2.4776    25.8591    19.8308      21.26  735757511    22.3634     2.4776     0.1260     0.3647     4.5427     0.8350  0.000e+00
   3.640065     14.016    25.1110     3.0952   34.04470  -77.94016     2.4794    25.8593    19.8308      21.26  735757511    22.6339     2.4794     0.1261     0.3665     4.5968     0.8370  0.000e+00
   3.640240     14.026    25.1041     3.0945   34.04470  -77.94016     2.4835    25.8606    19.8308      21.26  735757511    22.6350     2.4835     0.1260     0.3664     4.5970     0.8368  0.000e+00
   3.640123     14.042    25.1156     3.0952   34.04470  -77.94016     2.4882    25.8596    19.8309      21.26  735757511    22.6339     2.4882     0.1260     0.3665     4.5968     0.8372  0.000e+00
   3.640253     14.076    25.0744     3.0159   34.04470  -77.94016     2.4907    25.8609    19.8306      21.26  735757512    21.9396     2.4907     0.1260     0.3586     4.4579     0.8358  0.000e+00
   3.640235     14.082    25.0652     2.9358   34.04470  -77.94016     2.4908    25.8608    19.8305      21.26  735757512    21.2263     2.4908     0.1260     0.3506     4.3153     0.8355  0.000e+00
   3.640376     14.106    24.9989     2.9365   34.04470  -77.94016     2.4876    25.8620    19.8303      21.26  735757512    21.2251     2.4876     0.1260     0.3507     4.3150     0.8333  0.000e+00
   3.640406     14.077    25.0057     2.9365   34.04470  -77.94016     2.4833    25.8622    19.8304      21.26  735757512    21.2255     2.4833     0.1260     0.3507     4.3151     0.8335  0.000e+00
   3.640353     14.050    25.1179     2.9716   34.04470  -77.94016     2.4798    25.8618    19.8304      21.26  735757513    21.1641     2.4798     0.1261     0.3542     4.3028     0.8373  0.000e+00
   3.640020     14.035    25.0469     3.0830   34.04470  -77.94016     2.4787    25.8591    19.8305      21.26  735757513    20.9714     2.4787     0.1260     0.3653     4.2643     0.8349  0.000e+00
   3.639350     14.015    25.1362     3.0830   34.04470  -77.94016     2.4796    25.8538    19.8306      21.26  735757513    20.9718     2.4796     0.1261     0.3653     4.2644     0.8379  0.000e+00
   3.639325     14.005    25.1385     3.0830   34.04470  -77.94016     2.4822    25.8536    19.8305      21.25  735757513    20.9714     2.4822     0.1260     0.3653     4.2643     0.8379  0.000e+00
   3.639504     14.008    25.1385     3.0822   34.04470  -77.94016     2.4859    25.8550    19.8305      21.25  735757514    20.9714     2.4859     0.1261     0.3652     4.2643     0.8379  0.000e+00
   3.639526     14.029    25.1522     3.0708   34.04470  -77.94016     2.4878    25.8553    19.8304      21.25  735757514    21.2793     2.4878     0.1260     0.3641     4.3259     0.8384  0.000e+00
   3.639365     14.071    25.1980     3.0700   34.04470  -77.94016     2.4875    25.8540    19.8305      21.25  735757514    21.2858     2.4875     0.1260     0.3640     4.3272     0.8399  0.000e+00
   3.640087     14.088    25.1934     3.0700   34.04470  -77.94016     2.4858    25.8597    19.8304      21.25  735757514    21.2850     2.4858     0.1261     0.3640     4.3270     0.8398  0.000e+00
   3.640448     14.095    25.3033     3.0708   34.04472  -77.94016     2.4832    25.8626    19.8303      21.25  735757515    21.2854     2.4832     0.1260     0.3641     4.3271     0.8434  0.000e+00
   3.640502     14.083    25.2277     3.0159   34.04472  -77.94016     2.4796    25.8630    19.8303      21.25  735757515    20.8486     2.4796     0.1260     0.3586     4.2397     0.8409  0.000e+00
   3.640602     14.066    25.2598     2.9976   34.04472  -77.94016     2.4782    25.8638    19.8303      21.25  735757515    20.6891     2.4781     0.1260     0.3568     4.2078     0.8420  0.000e+00
   3.640740     14.035    25.2323     2.9968   34.04472  -77.94016     2.4800    25.8649    19.8304      21.25  735757515    20.6884     2.4800     0.1260     0.3567     4.2077     0.8411  0.000e+00
   3.640528     14.029    25.2415     2.9968   34.04472  -77.94016     2.4827    25.8631    19.8304      21.25  735757517    20.6888     2.4827     0.1260     0.3567     4.2078     0.8414  0.000e+00
   3.640286     14.033    25.2552     3.0082   34.04472  -77.94016     2.4862    25.8612    19.8305      21.25  735757517    20.6739     2.4862     0.1260     0.3578     4.2048     0.8418  0.000e+00
   3.640920     14.053    25.2300     3.0212   34.04472  -77.94016     2.4872    25.8663    19.8304      21.25  735757517    20.6586     2.4872     0.1260     0.3591     4.2017     0.8410  0.000e+00
   3.641459     14.075    25.2049     3.0212   34.04472  -77.94016     2.4868    25.8707    19.8301      21.25  735757517    20.6579     2.4868     0.1261     0.3591     4.2016     0.8402  0.000e+00
   3.641798     14.091    25.1522     3.0212   34.04472  -77.94018     2.4856    25.8736    19.8297      21.25  735757518    20.6582     2.4856     0.1260     0.3591     4.2016     0.8384  0.000e+00
   3.642079     14.106    25.1614     3.0128   34.04472  -77.94018     2.4823    25.8758    19.8297      21.25  735757518    20.7654     2.4823     0.1260     0.3583     4.2231     0.8387  0.000e+00
   3.642164     14.077    25.1431     2.9846   34.04472  -77.94018     2.4782    25.8764    19.8299      21.25  735757518    21.1469     2.4781     0.1260     0.3555     4.2994     0.8381  0.000e+00
   3.642030     14.049    25.1659     2.9846   34.04472  -77.94018     2.4764    25.8752    19.8300      21.25  735757518    21.1450     2.4764     0.1260     0.3555     4.2990     0.8389  0.000e+00
   3.641749     14.043    25.1980     2.9846   34.04472  -77.94018     2.4790    25.8730    19.8301      21.25  735757519    21.1450     2.4790     0.1260     0.3555     4.2990     0.8399  0.000e+00
   3.641564     14.026    25.2323     2.9846   34.04472  -77.94018     2.4829    25.8714    19.8302      21.25  735757519    21.1454     2.4829     0.1260     0.3555     4.2991     0.8411  0.000e+00
   3.641254     14.023    25.1980     3.1265   34.04472  -77.94018     2.4870    25.8690    19.8303      21.25  735757519    21.1870     2.4870     0.1260     0.3696     4.3074     0.8399  0.000e+00
   3.640807     14.047    25.1545     3.1318   34.04472  -77.94018     2.4894    25.8655    19.8302      21.25  735757519    21.1885     2.4894     0.1260     0.3702     4.3077     0.8385  0.000e+00
   3.641162     14.073    25.1865     3.1318   34.04472  -77.94018     2.4902    25.8685    19.8298      21.25  735757519    21.1885     2.4902     0.1260     0.3702     4.3077     0.8396  0.000e+00
   3.641854     14.092    25.1682     3.1318   34.04472  -77.94018     2.4870    25.8740    19.8298      21.25  735757520    21.1896     2.4870     0.1260     0.3702     4.3079     0.8389  0.000e+00
   3.641959     14.109    25.0950     2.9899   34.04472  -77.94018     2.4798    25.8747    19.8299      21.25  735757520    20.6399     2.4797     0.1260     0.3560     4.1980     0.8365  0.000e+00
   3.641901     14.082    25.1453     2.9358   34.04472  -77.94018     2.4724    25.8744    19.8297      21.25  735757520    20.4213     2.4724     0.1260     0.3506     4.1543     0.8382  0.000e+00
   3.641941     14.056    25.1041     2.9365   34.04472  -77.94018     2.4669    25.8748    19.8296      21.25  735757520    20.4206     2.4669     0.1260     0.3507     4.1541     0.8368  0.000e+00
   3.641965     14.043    25.0973     2.9358   34.04472  -77.94018     2.4664    25.8749    19.8297      21.24  735757521    20.4206     2.4664     0.1260     0.3506     4.1541     0.8366  0.000e+00
   3.641827     14.042    25.3353     3.0136   34.04472  -77.94018     2.4702    25.8737    19.8300      21.24  735757521    20.6716     2.4702     0.1260     0.3584     4.2043     0.8445  0.000e+00
   3.641408     14.018    25.0423     3.1067   34.04472  -77.94018     2.4755    25.8704    19.8299      21.24  735757521    20.9779     2.4755     0.1260     0.3677     4.2656     0.8347  0.000e+00
   3.641651     14.036    25.0973     3.1074   34.04472  -77.94018     2.4801    25.8722    19.8300      21.24  735757521    20.9775     2.4801     0.1261     0.3677     4.2655     0.8366  0.000e+00
   3.641693     14.082    25.1270     3.1074   34.04472  -77.94018     2.4830    25.8727    19.8298      21.24  735757522    20.9772     2.4830     0.1261     0.3677     4.2654     0.8376  0.000e+00
   3.641771     14.086    25.0950     3.0639   34.04472  -77.94018     2.4844    25.8734    19.8296      21.24  735757522    20.6006     2.4844     0.1260     0.3634     4.1901     0.8365  0.000e+00
   3.642142     14.098    25.1133     2.8984   34.04472  -77.94018     2.4818    25.8764    19.8295      21.24  735757522    19.0652     2.4818     0.1261     0.3468     3.8830     0.8371  0.000e+00
   3.642208     14.083    25.0469     2.8984   34.04472  -77.94018     2.4772    25.8769    19.8295      21.24  735757522    19.0698     2.4772     0.1260     0.3468     3.8840     0.8349  0.000e+00
   3.642135     14.046    25.0858     2.8991   34.04472  -77.94020     2.4727    25.8762    19.8297      21.24  735757523    19.0698     2.4727     0.1260     0.3469     3.8840     0.8362  0.000e+00
   3.642116     14.021    25.0286     2.8991   34.04472  -77.94020     2.4721    25.8762    19.8296      21.24  735757523    19.0694     2.4721     0.1260     0.3469     3.8839     0.8343  0.000e+00
   3.642133     14.008    24.9989     3.0601   34.04472  -77.94020     2.4758    25.8763    19.8297      21.24  735757523    19.3639     2.4758     0.1260     0.3630     3.9428     0.8333  0.000e+00
   3.641868     14.025    25.0858     3.0708   34.04472  -77.94020     2.4815    25.8741    19.8298      21.24  735757523    19.3837     2.4815     0.1260     0.3641     3.9467     0.8362  0.000e+00
   3.641613     14.040    25.0790     3.0708   34.04472  -77.94020     2.4865    25.8722    19.8297      21.24  735757524    19.3841     2.4865     0.1260     0.3641     3.9468     0.8360  0.000e+00
   3.641978     14.065    25.0515     3.0708   34.04472  -77.94020     2.4891    25.8752    19.8295      21.24  735757524    19.3841     2.4891     0.1260     0.3641     3.9468     0.8350  0.000e+00
   3.641936     14.074    25.1019     2.9754   34.04472  -77.94020     2.4879    25.8749    19.8294      21.24  735757524    19.2994     2.4879     0.1260     0.3545     3.9299     0.8367  0.000e+00
   3.642164     14.092    25.0813     2.9358   34.04472  -77.94020     2.4839    25.8767    19.8294      21.24  735757524    19.2613     2.4839     0.1261     0.3506     3.9223     0.8360  0.000e+00
   3.642383     14.108    25.1751     2.9365   34.04472  -77.94020     2.4806    25.8783    19.8294      21.24  735757525    19.2617     2.4806     0.1260     0.3507     3.9223     0.8392  0.000e+00
