CTD/data/rosette/20230425/station 1.cnv
* Sea-Bird SBE 25plus Data File:
* FileName = C:\Users\CTD\Desktop\SBE25 Data\042523\station 1.hex
* Software Version Seasave V 7.26.1.8
* Temperature SN = 6681
* Conductivity SN = 6071
* System UpLoad Time = Apr 25 2023 17:01:50
* NMEA Latitude = 34 02.66 N
* NMEA Longitude = 077 56.38 W
* NMEA UTC (Time) = Apr 25 2023  17:01:03
** Ship:
** Station:
** Operator:
# nquan = 18
# nvalues = 1546                                  
# units = specified
# name 0 = c0S/m: Conductivity [S/m]
# name 1 = depSM: Depth [salt water, m]
# name 2 = flSPuv0: Fluorescence, Seapoint Ultraviolet
# name 3 = flECO-AFL: Fluorescence, WET Labs ECO-AFL/FL [mg/m^3]
# name 4 = latitude: Latitude [deg]
# name 5 = longitude: Longitude [deg]
# name 6 = sbeox0V: Oxygen raw, SBE 43 [V]
# name 7 = sal00: Salinity, Practical [PSU]
# name 8 = potemp090C: Potential Temperature [ITS-90, deg C]
# name 9 = ptempC: Pressure Temperature [deg C]
# name 10 = timeQ: Time, NMEA [seconds]
# name 11 = turbWETntu0: Turbidity, WET Labs ECO [NTU]
# name 12 = v0: Voltage 0
# name 13 = v1: Voltage 1
# name 14 = v2: Voltage 2
# name 15 = v3: Voltage 3
# name 16 = v4: Voltage 4
# name 17 = flag:  0.000e+00
# span 0 =   0.000008,   3.643510                 
# span 1 =      0.245,     14.114                 
# span 2 =     1.1444,    58.5718                 
# span 3 =    -0.3907,    49.2126                 
# span 4 =   34.04426,   34.04484                 
# span 5 =  -77.94064,  -77.93960                 
# span 6 =     2.3324,     2.8408                 
# span 7 =     0.0097,    25.8882                 
# span 8 =    19.1411,    19.9762                 
# span 9 =      21.02,      21.48                 
# span 10 =  735757264,  735757649                
# span 11 =    -0.1310,    24.5859                
# span 12 =     2.3324,     2.8408                
# span 13 =     0.1260,     3.6609                
# span 14 =     0.0179,     4.9783                
# span 15 =     0.0438,     4.9872                
# span 16 =     0.0381,     1.9524                
# span 17 = 0.0000e+00, 0.0000e+00                
# interval = seconds: 0.25
# start_time = Apr 25 2023 17:01:04 [NMEA time, first data scan]
# bad_flag = -9.990e-29
*END*
[from data line 483]
   0.921874      1.247    58.3474     4.6654   34.04454  -77.93972     2.3905     5.7746    19.9723      21.44  735757383     6.3281     2.3905     3.2213     0.5235     1.3356     1.9449  0.000e+00
   0.921884      1.261    58.3818     4.6699   34.04454  -77.93972     2.3908     5.7745    19.9733      21.44  735757384     6.3739     2.3908     3.1822     0.5240     1.3448     1.9461  0.000e+00
   0.921722      1.272    58.3978     4.6768   34.04454  -77.93972     2.3927     5.7734    19.9733      21.44  735757384     6.4387     2.3927     3.0770     0.5247     1.3577     1.9466  0.000e+00
   0.921422      1.279    58.3452     4.6768   34.04454  -77.93972     2.3951     5.7712    19.9749      21.44  735757384     6.4387     2.3951     3.0949     0.5247     1.3577     1.9448  0.000e+00
   0.921380      1.261    58.3360     4.6768   34.04454  -77.93972     2.3985     5.7711    19.9739      21.44  735757384     6.4384     2.3985     3.1827     0.5247     1.3577     1.9445  0.000e+00
   0.921378      1.263    58.3772     4.6768   34.04454  -77.93974     2.4014     5.7712    19.9728      21.44  735757385     6.4300     2.4014     3.2484     0.5247     1.3560     1.9459  0.000e+00
   0.921612      1.242    58.3108     4.6783   34.04454  -77.93974     2.4021     5.7728    19.9727      21.44  735757385     6.3766     2.4021     3.2976     0.5248     1.3453     1.9437  0.000e+00
   0.921820      1.233    58.3680     4.6776   34.04454  -77.93974     2.4023     5.7742    19.9730      21.44  735757385     6.3769     2.4023     3.2589     0.5248     1.3454     1.9456  0.000e+00
   0.921900      1.242    58.3658     4.6776   34.04454  -77.93974     2.4015     5.7747    19.9733      21.43  735757385     6.3769     2.4015     3.2252     0.5248     1.3454     1.9455  0.000e+00
   0.921928      1.257    58.3658     4.6768   34.04454  -77.93974     2.3999     5.7747    19.9744      21.44  735757386     6.3769     2.3999     3.1640     0.5247     1.3454     1.9455  0.000e+00
   0.921929      1.259    58.3909     4.6989   34.04454  -77.93974     2.4000     5.7748    19.9739      21.43  735757386     6.4548     2.4000     3.1672     0.5269     1.3610     1.9464  0.000e+00
   0.921842      1.258    58.3131     4.7020   34.04454  -77.93974     2.4018     5.7743    19.9729      21.43  735757386     6.4632     2.4018     3.2251     0.5272     1.3626     1.9438  0.000e+00
   0.921839      1.249    58.3429     4.7020   34.04454  -77.93974     2.4038     5.7743    19.9728      21.43  735757386     6.4632     2.4038     3.2791     0.5272     1.3626     1.9448  0.000e+00
   0.921863      1.238    58.3589     4.7020   34.04456  -77.93974     2.4053     5.7743    19.9737      21.43  735757387     6.4632     2.4053     3.2738     0.5272     1.3626     1.9453  0.000e+00
   0.921856      1.253    58.3886     4.6791   34.04456  -77.93974     2.4061     5.7742    19.9741      21.43  735757387     6.3624     2.4061     3.2908     0.5249     1.3425     1.9463  0.000e+00
   0.921747      1.271    58.3909     4.6646   34.04456  -77.93974     2.4070     5.7735    19.9738      21.43  735757387     6.3029     2.4070     3.2168     0.5235     1.3306     1.9464  0.000e+00
   0.921672      1.268    58.3772     4.6646   34.04456  -77.93974     2.4094     5.7729    19.9752      21.43  735757387     6.3029     2.4094     3.1410     0.5235     1.3306     1.9459  0.000e+00
   0.921613      1.275    58.3864     4.6646   34.04456  -77.93974     2.4135     5.7724    19.9754      21.43  735757388     6.3029     2.4135     3.1498     0.5235     1.3306     1.9462  0.000e+00
   0.921378      1.261    58.3658     4.6600   34.04456  -77.93974     2.4173     5.7709    19.9751      21.43  735757388     6.2850     2.4173     3.2367     0.5230     1.3270     1.9455  0.000e+00
   0.921281      1.238    58.3452     4.6539   34.04456  -77.93974     2.4188     5.7704    19.9741      21.43  735757388     6.2560     2.4188     3.3198     0.5224     1.3212     1.9448  0.000e+00
   0.921389      1.236    58.3131     4.6539   34.04456  -77.93974     2.4167     5.7711    19.9738      21.43  735757388     6.2564     2.4167     3.3412     0.5224     1.3213     1.9438  0.000e+00
   0.921526      1.257    58.3291     4.6532   34.04456  -77.93974     2.4137     5.7720    19.9740      21.43  735757388     6.2564     2.4137     3.1862     0.5223     1.3213     1.9443  0.000e+00
   0.921590      1.251    58.3543     4.6493   34.04456  -77.93974     2.4097     5.7725    19.9740      21.43  735757390     6.2694     2.4097     3.1719     0.5219     1.3239     1.9451  0.000e+00
   0.921568      1.256    58.3154     4.6287   34.04456  -77.93974     2.4055     5.7723    19.9743      21.43  735757390     6.3834     2.4055     3.1920     0.5199     1.3467     1.9438  0.000e+00
   0.921578      1.276    58.3291     4.6295   34.04456  -77.93974     2.4008     5.7722    19.9753      21.43  735757390     6.3830     2.4008     3.2770     0.5200     1.3466     1.9443  0.000e+00
   0.921360      1.257    58.3291     4.6295   34.04456  -77.93974     2.3989     5.7707    19.9756      21.43  735757390     6.3830     2.3989     3.3312     0.5200     1.3466     1.9443  0.000e+00
   0.921036      1.276    58.2879     4.6287   34.04456  -77.93974     2.3976     5.7684    19.9761      21.43  735757391     6.3830     2.3977     3.2832     0.5199     1.3466     1.9429  0.000e+00
   0.920767      1.274    58.3040     4.6280   34.04456  -77.93974     2.3973     5.7666    19.9760      21.43  735757391     6.3670     2.3973     3.2315     0.5198     1.3434     1.9435  0.000e+00
   0.920459      1.267    58.3314     4.6280   34.04456  -77.93974     2.3983     5.7645    19.9762      21.43  735757391     6.3647     2.3983     3.1732     0.5198     1.3429     1.9444  0.000e+00
   0.920325      1.277    58.3520     4.6287   34.04456  -77.93974     2.3998     5.7637    19.9758      21.43  735757392     6.3647     2.3998     3.2148     0.5199     1.3429     1.9451  0.000e+00
   0.920296      1.253    58.3589     4.6287   34.04456  -77.93974     2.4007     5.7636    19.9754      21.43  735757392     6.3647     2.4007     3.2522     0.5199     1.3429     1.9453  0.000e+00
   0.920449      1.244    58.3154     4.5998   34.04456  -77.93974     2.4002     5.7646    19.9751      21.43  735757392     6.3541     2.4002     3.2876     0.5170     1.3408     1.9438  0.000e+00
   0.920399      1.232    58.3612     4.5807   34.04456  -77.93974     2.3984     5.7643    19.9752      21.43  735757392     6.3468     2.3984     3.2979     0.5151     1.3394     1.9454  0.000e+00
   0.920201      1.233    58.3589     4.5807   34.04456  -77.93974     2.3947     5.7630    19.9751      21.43  735757393     6.3464     2.3948     3.2845     0.5151     1.3393     1.9453  0.000e+00
   0.920063      1.257    58.3474     4.5799   34.04456  -77.93974     2.3906     5.7620    19.9752      21.43  735757393     6.3464     2.3906     3.1971     0.5150     1.3393     1.9449  0.000e+00
   0.920051      1.269    58.3452     4.5837   34.04456  -77.93974     2.3877     5.7619    19.9755      21.43  735757393     6.3460     2.3877     3.1821     0.5154     1.3392     1.9448  0.000e+00
   0.920076      1.275    58.3406     4.5914   34.04456  -77.93974     2.3883     5.7621    19.9755      21.43  735757393     6.3460     2.3883     3.1971     0.5161     1.3392     1.9447  0.000e+00
   0.920056      1.276    58.3566     4.5921   34.04458  -77.93976     2.3904     5.7620    19.9753      21.43  735757393     6.3460     2.3904     3.2155     0.5162     1.3392     1.9452  0.000e+00
   0.920056      1.260    58.3383     4.5929   34.04458  -77.93976     2.3936     5.7620    19.9751      21.43  735757393     6.3460     2.3936     3.2650     0.5163     1.3392     1.9446  0.000e+00
   0.920089      1.265    58.3383     4.5914   34.04458  -77.93976     2.3971     5.7622    19.9749      21.43  735757393     6.3426     2.3971     3.2589     0.5161     1.3385     1.9446  0.000e+00
   0.920167      1.255    58.3543     4.5799   34.04458  -77.93976     2.4002     5.7628    19.9746      21.43  735757393     6.2911     2.4002     3.1913     0.5150     1.3282     1.9451  0.000e+00
   0.920230      1.249    58.3726     4.5799   34.04458  -77.93976     2.4027     5.7633    19.9741      21.43  735757394     6.2911     2.4027     3.2049     0.5150     1.3282     1.9458  0.000e+00
   0.920291      1.258    58.3978     4.5807   34.04458  -77.93976     2.4029     5.7636    19.9745      21.43  735757394     6.2911     2.4029     3.2373     0.5151     1.3282     1.9466  0.000e+00
   0.920353      1.259    58.3795     4.5807   34.04458  -77.93976     2.4012     5.7641    19.9743      21.43  735757394     6.2911     2.4012     3.2549     0.5151     1.3282     1.9460  0.000e+00
   0.920410      1.260    58.3658     4.5906   34.04458  -77.93976     2.3995     5.7645    19.9739      21.43  735757394     6.3575     2.3995     3.2678     0.5161     1.3415     1.9455  0.000e+00
   0.920475      1.276    58.3772     4.5921   34.04458  -77.93976     2.4002     5.7650    19.9737      21.43  735757395     6.3705     2.4002     3.2132     0.5162     1.3441     1.9459  0.000e+00
   0.920552      1.266    58.4276     4.5929   34.04458  -77.93976     2.4012     5.7655    19.9736      21.43  735757395     6.3708     2.4012     3.2365     0.5163     1.3442     1.9476  0.000e+00
   0.920638      1.270    58.4115     4.5921   34.04458  -77.93976     2.4018     5.7661    19.9736      21.42  735757395     6.3708     2.4018     3.2268     0.5162     1.3442     1.9471  0.000e+00
   0.920621      1.268    58.4024     4.5723   34.04458  -77.93976     2.4027     5.7662    19.9717      21.42  735757395     6.3407     2.4027     3.1872     0.5142     1.3381     1.9467  0.000e+00
   0.920666      1.266    58.3978     4.5563   34.04458  -77.93976     2.4037     5.7666    19.9716      21.42  735757396     6.3155     2.4037     3.1989     0.5126     1.3331     1.9466  0.000e+00
   0.920965      1.253    58.3864     4.5563   34.04458  -77.93976     2.4032     5.7686    19.9711      21.42  735757396     6.3151     2.4032     3.2454     0.5126     1.3330     1.9462  0.000e+00
   0.921245      1.260    58.4001     4.5563   34.04458  -77.93976     2.4028     5.7706    19.9710      21.42  735757396     6.3155     2.4028     3.3268     0.5126     1.3331     1.9467  0.000e+00
   0.921401      1.249    58.4344     4.5517   34.04458  -77.93976     2.4013     5.7716    19.9712      21.42  735757396     6.3460     2.4013     3.3054     0.5122     1.3392     1.9478  0.000e+00
   0.921382      1.249    58.3658     4.5441   34.04458  -77.93976     2.3988     5.7714    19.9712      21.42  735757397     6.4139     2.3988     3.2182     0.5114     1.3528     1.9455  0.000e+00
   0.921364      1.256    58.3795     4.5441   34.04458  -77.93976     2.3960     5.7713    19.9710      21.42  735757397     6.4139     2.3960     3.1988     0.5114     1.3528     1.9460  0.000e+00
   0.921271      1.279    58.3635     4.5441   34.04458  -77.93976     2.3929     5.7707    19.9712      21.42  735757397     6.4139     2.3929     3.2379     0.5114     1.3528     1.9454  0.000e+00
   0.921267      1.283    58.3726     4.5418   34.04458  -77.93976     2.3908     5.7706    19.9714      21.42  735757397     6.4113     2.3908     3.2510     0.5112     1.3523     1.9458  0.000e+00
   0.921229      1.275    58.3932     4.5196   34.04458  -77.93976     2.3897     5.7703    19.9722      21.42  735757398     6.3277     2.3897     3.2345     0.5090     1.3355     1.9464  0.000e+00
   0.921132      1.268    58.3680     4.5196   34.04458  -77.93976     2.3899     5.7707    19.9646      21.42  735757398     6.3277     2.3899     3.2060     0.5090     1.3355     1.9456  0.000e+00
   0.921239      1.274    58.3955     4.5196   34.04458  -77.93976     2.3921     5.7709    19.9679      21.42  735757398     6.3277     2.3921     3.1804     0.5090     1.3355     1.9465  0.000e+00
   0.923295      1.261    58.3497     4.5196   34.04458  -77.93976     2.3944     5.7843    19.9711      21.42  735757398     6.3281     2.3944     3.2070     0.5090     1.3356     1.9450  0.000e+00
   0.922680      1.259    58.3864     4.4708   34.04458  -77.93976     2.3947     5.7801    19.9717      21.42  735757399     6.3857     2.3948     3.2455     0.5041     1.3471     1.9462  0.000e+00
   0.921564      1.248    58.3658     4.4586   34.04458  -77.93976     2.3947     5.7727    19.9712      21.42  735757399     6.4014     2.3948     3.2944     0.5029     1.3503     1.9455  0.000e+00
   0.921140      1.245    58.3635     4.4586   34.04458  -77.93976     2.3954     5.7698    19.9714      21.42  735757399     6.4017     2.3954     3.2490     0.5029     1.3503     1.9454  0.000e+00
   0.920990      1.261    58.3749     4.4586   34.04458  -77.93976     2.3964     5.7687    19.9722      21.42  735757399     6.4014     2.3964     3.2077     0.5029     1.3503     1.9458  0.000e+00
   0.921001      1.267    58.3154     4.4517   34.04458  -77.93976     2.3969     5.7688    19.9720      21.42  735757400     6.4204     2.3969     3.2080     0.5022     1.3541     1.9438  0.000e+00
   0.921050      1.261    58.3154     4.4472   34.04458  -77.93976     2.3960     5.7691    19.9718      21.42  735757400     6.4384     2.3960     3.2540     0.5017     1.3577     1.9438  0.000e+00
   0.921095      1.267    58.3200     4.4464   34.04458  -77.93976     2.3952     5.7695    19.9710      21.42  735757400     6.4387     2.3952     3.2490     0.5016     1.3577     1.9440  0.000e+00
   0.921107      1.270    58.3406     4.4464   34.04458  -77.93976     2.3958     5.7697    19.9703      21.42  735757400     6.4384     2.3958     3.1881     0.5016     1.3577     1.9447  0.000e+00
   0.921119      1.268    58.3406     4.4296   34.04458  -77.93976     2.3967     5.7700    19.9688      21.42  735757401     6.4372     2.3967     3.1676     0.5000     1.3574     1.9447  0.000e+00
   0.921210      1.256    58.3429     4.3854   34.04458  -77.93976     2.3964     5.7707    19.9681      21.42  735757401     6.4326     2.3964     3.2042     0.4955     1.3565     1.9448  0.000e+00
   0.921443      1.244    58.3497     4.3861   34.04458  -77.93976     2.3952     5.7727    19.9653      21.42  735757401     6.4330     2.3952     3.3163     0.4956     1.3566     1.9450  0.000e+00
   0.921781      1.251    58.3680     4.3854   34.04458  -77.93976     2.3918     5.7755    19.9614      21.42  735757401     6.4326     2.3918     3.2749     0.4955     1.3565     1.9456  0.000e+00
   0.922467      1.260    58.3543     4.3854   34.04458  -77.93976     2.3882     5.7803    19.9599      21.42  735757401     6.4323     2.3882     3.1967     0.4955     1.3565     1.9451  0.000e+00
   0.923123      1.276    58.3383     4.4693   34.04458  -77.93976     2.3856     5.7846    19.9603      21.42  735757401     6.3659     2.3856     3.1567     0.5039     1.3432     1.9446  0.000e+00
   0.923497      1.264    58.3543     4.4701   34.04458  -77.93976     2.3846     5.7871    19.9610      21.42  735757401     6.3644     2.3846     3.1891     0.5040     1.3429     1.9451  0.000e+00
   0.923388      1.266    58.3177     4.4701   34.04458  -77.93976     2.3832     5.7864    19.9603      21.42  735757401     6.3644     2.3832     3.2752     0.5040     1.3429     1.9439  0.000e+00
   0.923258      1.241    58.3337     4.4708   34.04460  -77.93978     2.3829     5.7856    19.9600      21.42  735757403     6.3651     2.3829     3.3205     0.5041     1.3430     1.9445  0.000e+00
   0.923282      1.246    58.3474     4.4800   34.04460  -77.93978     2.3838     5.7855    19.9618      21.41  735757403     6.3323     2.3838     3.3689     0.5050     1.3365     1.9449  0.000e+00
