DeployData/BOEMTest1_062923_063023/Crate1/SBE37/SB37_BOEMtest1.0.asc
* Sea-Bird SBE37 Data File:
* FileName = C:\BOEM\SB37\BOEMTest1_062923_063023\SB37_BOEMtest1.0.asc
* Software Version 1.59
* Temperature SN = 1308
* Conductivity SN = 1308
* System UpLoad Time = Jun 30 2023 14:31:26
** BOEMTest1
* ds
*END*
start time =  29 Jun 2023  10:00:01
sample interval = 60 seconds
start sample number = 1
 31.1946, 0.00023,   -0.013,   0.0139, 29 Jun 2023, 10:00:01
 31.1462, 0.00024,   -0.013,   0.0139, 29 Jun 2023, 10:01:01
 30.7261, 0.00025,   -0.015,   0.0138, 29 Jun 2023, 10:02:01
 32.6478, 0.00020,   -0.009,   0.0143, 29 Jun 2023, 10:03:01
 33.4919, 0.00016,   -0.008,   0.0145, 29 Jun 2023, 10:04:01
 33.4774, 0.00015,   -0.008,   0.0145, 29 Jun 2023, 10:05:01
 26.3640, 5.54480,   14.739,  35.6814, 29 Jun 2023, 10:06:01
 26.4074, 5.47602,   14.867,  35.1500, 29 Jun 2023, 10:07:01
 26.3753, 5.41215,   14.847,  34.7130, 29 Jun 2023, 10:08:01
 26.3601, 5.38829,   14.924,  34.5522, 29 Jun 2023, 10:09:01
 26.3620, 5.37417,   14.838,  34.4489, 29 Jun 2023, 10:10:01
 26.3579, 5.36453,   14.905,  34.3825, 29 Jun 2023, 10:11:01
 26.3592, 5.36301,   14.863,  34.3706, 29 Jun 2023, 10:12:01
 26.3586, 5.37935,   14.782,  34.4889, 29 Jun 2023, 10:13:01
 26.3605, 5.37654,   14.883,  34.4671, 29 Jun 2023, 10:14:01
 26.3611, 5.38984,   14.930,  34.5626, 29 Jun 2023, 10:15:01
 26.3600, 5.37869,   14.926,  34.4830, 29 Jun 2023, 10:16:01
 26.3610, 5.37612,   14.926,  34.4637, 29 Jun 2023, 10:17:01
 26.3614, 5.37900,   14.802,  34.4842, 29 Jun 2023, 10:18:01
 26.3604, 5.38219,   14.865,  34.5080, 29 Jun 2023, 10:19:01
 26.3593, 5.38383,   15.013,  34.5206, 29 Jun 2023, 10:20:01
 26.3605, 5.38890,   14.948,  34.5563, 29 Jun 2023, 10:21:01
 26.3582, 5.37209,   14.951,  34.4367, 29 Jun 2023, 10:22:01
 26.3586, 5.38184,   14.757,  34.5068, 29 Jun 2023, 10:23:01
 26.3613, 5.40132,   14.840,  34.6454, 29 Jun 2023, 10:24:01
 26.3610, 5.40024,   15.020,  34.6377, 29 Jun 2023, 10:25:01
 26.3614, 5.40004,   14.822,  34.6360, 29 Jun 2023, 10:26:01
 26.3616, 5.41673,   14.860,  34.7564, 29 Jun 2023, 10:27:01
 26.3614, 5.42863,   14.986,  34.8424, 29 Jun 2023, 10:28:01
 26.3657, 5.42889,   14.919,  34.8411, 29 Jun 2023, 10:29:01
 26.3631, 5.43277,   14.615,  34.8712, 29 Jun 2023, 10:30:01
 26.3637, 5.43606,   14.887,  34.8944, 29 Jun 2023, 10:31:01
 26.3666, 5.45147,   14.795,  35.0036, 29 Jun 2023, 10:32:01
 26.3647, 5.43507,   14.327,  34.8867, 29 Jun 2023, 10:33:01
 26.3668, 5.45043,   14.984,  34.9959, 29 Jun 2023, 10:34:01
 26.3692, 5.45643,   14.759,  35.0375, 29 Jun 2023, 10:35:01
 26.3687, 5.46161,   14.996,  35.0753, 29 Jun 2023, 10:36:01
 26.3719, 5.46062,   14.959,  35.0657, 29 Jun 2023, 10:37:01
 26.3724, 5.47260,   14.932,  35.1520, 29 Jun 2023, 10:38:01
 26.3726, 5.45659,   14.665,  35.0361, 29 Jun 2023, 10:39:01
 26.3730, 5.47846,   14.829,  35.1939, 29 Jun 2023, 10:40:01
 26.3745, 5.48041,   14.955,  35.2068, 29 Jun 2023, 10:41:01
 26.3767, 5.48203,   15.029,  35.2169, 29 Jun 2023, 10:42:01
 26.3779, 5.48297,   14.861,  35.2228, 29 Jun 2023, 10:43:01
 26.3772, 5.48113,   14.770,  35.2100, 29 Jun 2023, 10:44:01
 26.3787, 5.48309,   14.804,  35.2231, 29 Jun 2023, 10:45:01
 26.3796, 5.48581,   14.861,  35.2420, 29 Jun 2023, 10:46:01
 26.3786, 5.48196,   14.987,  35.2149, 29 Jun 2023, 10:47:01
 26.3793, 5.48866,   15.018,  35.2628, 29 Jun 2023, 10:48:01
 26.3830, 5.49383,   14.847,  35.2975, 29 Jun 2023, 10:49:01
 26.3823, 5.49045,   14.962,  35.2735, 29 Jun 2023, 10:50:01
 26.3823, 5.49204,   14.811,  35.2851, 29 Jun 2023, 10:51:01
 26.3830, 5.49169,   15.056,  35.2819, 29 Jun 2023, 10:52:01
 26.3861, 5.49405,   14.865,  35.2967, 29 Jun 2023, 10:53:01
 26.3826, 5.49374,   14.763,  35.2971, 29 Jun 2023, 10:54:01
 26.3834, 5.49452,   14.820,  35.3022, 29 Jun 2023, 10:55:01
 26.3864, 5.49038,   14.802,  35.2699, 29 Jun 2023, 10:56:01
 26.3878, 5.49757,   14.878,  35.3208, 29 Jun 2023, 10:57:01
 26.3862, 5.49643,   14.818,  35.3138, 29 Jun 2023, 10:58:01
 26.3873, 5.49886,   14.813,  35.3306, 29 Jun 2023, 10:59:01
 26.3869, 5.49517,   14.845,  35.3042, 29 Jun 2023, 11:00:01
 26.3851, 5.50804,   14.946,  35.3987, 29 Jun 2023, 11:01:01
 26.3878, 5.50265,   14.930,  35.3576, 29 Jun 2023, 11:02:01
 26.3864, 5.51539,   14.948,  35.4509, 29 Jun 2023, 11:03:01
 26.3886, 5.50863,   14.799,  35.4003, 29 Jun 2023, 11:04:01
 26.3886, 5.51093,   14.959,  35.4169, 29 Jun 2023, 11:05:01
 26.3879, 5.51757,   14.845,  35.4656, 29 Jun 2023, 11:06:01
 26.3907, 5.51613,   14.874,  35.4530, 29 Jun 2023, 11:07:01
 26.3887, 5.51671,   14.946,  35.4587, 29 Jun 2023, 11:08:01
 26.3866, 5.51698,   14.811,  35.4623, 29 Jun 2023, 11:09:01
 26.3898, 5.51505,   14.858,  35.4458, 29 Jun 2023, 11:10:01
 26.3897, 5.51738,   14.951,  35.4628, 29 Jun 2023, 11:11:01
 26.3896, 5.51620,   14.833,  35.4543, 29 Jun 2023, 11:12:01
 26.3881, 5.52154,   15.059,  35.4941, 29 Jun 2023, 11:13:01
 26.3914, 5.52489,   14.917,  35.5159, 29 Jun 2023, 11:14:01
 26.3894, 5.52266,   14.935,  35.5012, 29 Jun 2023, 11:15:01
 26.3902, 5.52755,   14.808,  35.5361, 29 Jun 2023, 11:16:01
 26.3929, 5.51619,   14.746,  35.4518, 29 Jun 2023, 11:17:01
 26.3917, 5.52630,   14.941,  35.5258, 29 Jun 2023, 11:18:01
 26.3962, 5.52464,   14.790,  35.5104, 29 Jun 2023, 11:19:01
 26.3957, 5.52461,   14.980,  35.5105, 29 Jun 2023, 11:20:01
 26.3956, 5.52533,   14.863,  35.5158, 29 Jun 2023, 11:21:01
 26.3947, 5.52617,   15.005,  35.5225, 29 Jun 2023, 11:22:01
 26.3951, 5.53038,   14.975,  35.5527, 29 Jun 2023, 11:23:01
 26.3996, 5.53141,   14.915,  35.5568, 29 Jun 2023, 11:24:01
 26.3966, 5.53005,   14.872,  35.5492, 29 Jun 2023, 11:25:01
 26.3981, 5.53002,   14.863,  35.5479, 29 Jun 2023, 11:26:01
 26.3964, 5.52897,   14.763,  35.5416, 29 Jun 2023, 11:27:01
 26.3974, 5.53159,   14.973,  35.5597, 29 Jun 2023, 11:28:01
 26.3993, 5.53156,   14.824,  35.5581, 29 Jun 2023, 11:29:01
 26.3981, 5.53150,   14.876,  35.5586, 29 Jun 2023, 11:30:01
 26.3989, 5.53242,   14.914,  35.5646, 29 Jun 2023, 11:31:01
 26.3938, 5.53212,   15.039,  35.5663, 29 Jun 2023, 11:32:01
 26.3961, 5.53342,   14.878,  35.5740, 29 Jun 2023, 11:33:01
 26.3996, 5.53374,   14.973,  35.5736, 29 Jun 2023, 11:34:01
 26.3983, 5.53438,   15.061,  35.5792, 29 Jun 2023, 11:35:01
 26.3996, 5.53387,   15.068,  35.5745, 29 Jun 2023, 11:36:01
 26.3932, 5.53934,   15.144,  35.6191, 29 Jun 2023, 11:37:01
 26.3997, 5.53879,   14.977,  35.6101, 29 Jun 2023, 11:38:01
 26.3985, 5.53825,   14.809,  35.6072, 29 Jun 2023, 11:39:01
 26.3983, 5.54013,   14.964,  35.6209, 29 Jun 2023, 11:40:01
 26.4016, 5.54031,   14.905,  35.6197, 29 Jun 2023, 11:41:01
 26.4016, 5.54258,   15.162,  35.6361, 29 Jun 2023, 11:42:01
 26.4042, 5.54100,   14.948,  35.6227, 29 Jun 2023, 11:43:01
 26.4058, 5.54055,   15.022,  35.6181, 29 Jun 2023, 11:44:01
 26.4019, 5.54147,   15.016,  35.6278, 29 Jun 2023, 11:45:01
 26.4047, 5.54006,   14.923,  35.6155, 29 Jun 2023, 11:46:01
 26.4037, 5.54095,   15.011,  35.6227, 29 Jun 2023, 11:47:01
 26.4035, 5.54222,   15.059,  35.6320, 29 Jun 2023, 11:48:01
 26.4052, 5.54122,   15.020,  35.6235, 29 Jun 2023, 11:49:01
 26.4041, 5.54080,   14.896,  35.6213, 29 Jun 2023, 11:50:01
 26.4022, 5.54153,   15.045,  35.6280, 29 Jun 2023, 11:51:01
 26.4020, 5.54272,   14.998,  35.6368, 29 Jun 2023, 11:52:01
 26.4079, 5.54158,   14.867,  35.6240, 29 Jun 2023, 11:53:01
 26.4089, 5.54258,   14.856,  35.6305, 29 Jun 2023, 11:54:01
 26.4069, 5.54292,   15.014,  35.6345, 29 Jun 2023, 11:55:01
 26.4084, 5.54335,   15.153,  35.6364, 29 Jun 2023, 11:56:01
 26.4035, 5.54341,   15.041,  35.6406, 29 Jun 2023, 11:57:01
 26.4056, 5.54287,   14.759,  35.6352, 29 Jun 2023, 11:58:01
 26.4043, 5.54444,   14.872,  35.6475, 29 Jun 2023, 11:59:01
 26.4027, 5.54434,   14.950,  35.6480, 29 Jun 2023, 12:00:01
 26.4083, 5.54371,   14.890,  35.6391, 29 Jun 2023, 12:01:01
 26.4066, 5.54399,   14.816,  35.6425, 29 Jun 2023, 12:02:01
 26.4071, 5.54354,   14.914,  35.6388, 29 Jun 2023, 12:03:01
 26.4078, 5.54540,   15.061,  35.6517, 29 Jun 2023, 12:04:01
 26.4136, 5.54493,   15.027,  35.6438, 29 Jun 2023, 12:05:01
 26.4074, 5.54524,   15.070,  35.6509, 29 Jun 2023, 12:06:01
 26.4074, 5.54530,   15.140,  35.6513, 29 Jun 2023, 12:07:01
 26.4089, 5.54582,   15.124,  35.6539, 29 Jun 2023, 12:08:01
 26.4086, 5.54513,   14.973,  35.6492, 29 Jun 2023, 12:09:01
 26.4059, 5.54515,   15.149,  35.6514, 29 Jun 2023, 12:10:01
 26.4074, 5.54531,   14.975,  35.6514, 29 Jun 2023, 12:11:01
 26.4086, 5.54640,   14.962,  35.6584, 29 Jun 2023, 12:12:01
 26.4107, 5.54580,   15.038,  35.6524, 29 Jun 2023, 12:13:01
 26.4086, 5.54584,   14.793,  35.6544, 29 Jun 2023, 12:14:01
 26.4154, 5.54733,   15.102,  35.6598, 29 Jun 2023, 12:15:01
 26.4119, 5.54758,   15.183,  35.6643, 29 Jun 2023, 12:16:01
 26.4070, 5.54769,   15.124,  35.6689, 29 Jun 2023, 12:17:01
 26.4114, 5.54774,   15.047,  35.6659, 29 Jun 2023, 12:18:01
 26.4090, 5.54742,   15.065,  35.6654, 29 Jun 2023, 12:19:01
 26.4079, 5.54693,   15.043,  35.6627, 29 Jun 2023, 12:20:01
 26.4148, 5.54727,   15.065,  35.6598, 29 Jun 2023, 12:21:01
 26.4072, 5.54773,   15.048,  35.6691, 29 Jun 2023, 12:22:01
 26.4048, 5.54776,   15.102,  35.6711, 29 Jun 2023, 12:23:01
 26.4107, 5.54752,   15.182,  35.6648, 29 Jun 2023, 12:24:01
 26.4066, 5.54771,   15.230,  35.6693, 29 Jun 2023, 12:25:01
 26.4098, 5.54809,   15.147,  35.6696, 29 Jun 2023, 12:26:01
 26.4124, 5.54694,   15.031,  35.6593, 29 Jun 2023, 12:27:01
 26.4114, 5.54840,   15.160,  35.6706, 29 Jun 2023, 12:28:01
 26.4081, 5.54860,   15.020,  35.6747, 29 Jun 2023, 12:29:01
 26.4121, 5.54821,   15.063,  35.6687, 29 Jun 2023, 12:30:01
 26.4171, 5.54879,   15.102,  35.6691, 29 Jun 2023, 12:31:01
 26.4076, 5.54870,   15.388,  35.6757, 29 Jun 2023, 12:32:01
 26.4084, 5.54916,   15.277,  35.6784, 29 Jun 2023, 12:33:01
 26.4110, 5.54898,   15.135,  35.6751, 29 Jun 2023, 12:34:01
 26.4082, 5.54890,   15.191,  35.6767, 29 Jun 2023, 12:35:01
 26.4154, 5.54889,   15.173,  35.6711, 29 Jun 2023, 12:36:01
 26.4132, 5.54934,   15.057,  35.6761, 29 Jun 2023, 12:37:01
 26.4106, 5.54945,   14.959,  35.6789, 29 Jun 2023, 12:38:01
 26.4142, 5.54887,   15.110,  35.6719, 29 Jun 2023, 12:39:01
 26.4139, 5.54972,   15.243,  35.6782, 29 Jun 2023, 12:40:01
 26.4135, 5.55005,   15.259,  35.6809, 29 Jun 2023, 12:41:01
 26.4139, 5.54994,   15.307,  35.6798, 29 Jun 2023, 12:42:01
 26.4173, 5.55030,   15.113,  35.6798, 29 Jun 2023, 12:43:01
 26.4105, 5.55079,   15.304,  35.6886, 29 Jun 2023, 12:44:01
 26.4146, 5.55068,   15.261,  35.6846, 29 Jun 2023, 12:45:01
 26.4192, 5.55059,   15.200,  35.6804, 29 Jun 2023, 12:46:01
 26.4189, 5.55066,   15.142,  35.6812, 29 Jun 2023, 12:47:01
 26.4186, 5.55086,   15.302,  35.6828, 29 Jun 2023, 12:48:01
 26.4199, 5.55101,   15.248,  35.6829, 29 Jun 2023, 12:49:01
 26.4107, 5.55145,   15.394,  35.6932, 29 Jun 2023, 12:50:01
 26.4156, 5.55125,   15.246,  35.6880, 29 Jun 2023, 12:51:01
 26.4190, 5.55108,   15.254,  35.6841, 29 Jun 2023, 12:52:01
 26.4110, 5.55106,   15.367,  35.6902, 29 Jun 2023, 12:53:01
 26.4138, 5.55144,   15.284,  35.6908, 29 Jun 2023, 12:54:01
 26.4130, 5.55126,   15.392,  35.6900, 29 Jun 2023, 12:55:01
 26.4146, 5.55072,   15.128,  35.6850, 29 Jun 2023, 12:56:01
 26.4174, 5.55155,   15.164,  35.6888, 29 Jun 2023, 12:57:01
 26.4164, 5.55193,   15.198,  35.6923, 29 Jun 2023, 12:58:01
 26.4136, 5.55186,   15.437,  35.6939, 29 Jun 2023, 12:59:01
 26.4186, 5.55193,   15.514,  35.6905, 29 Jun 2023, 13:00:01
 26.4186, 5.55246,   15.385,  35.6944, 29 Jun 2023, 13:01:01
 26.4164, 5.55251,   15.356,  35.6965, 29 Jun 2023, 13:02:01
 26.4175, 5.55261,   15.428,  35.6963, 29 Jun 2023, 13:03:01
 26.4205, 5.55266,   15.250,  35.6944, 29 Jun 2023, 13:04:01
 26.4183, 5.55290,   15.349,  35.6978, 29 Jun 2023, 13:05:01
 26.4195, 5.55281,   15.329,  35.6962, 29 Jun 2023, 13:06:01
 26.4253, 5.55291,   15.318,  35.6925, 29 Jun 2023, 13:07:01
 26.4203, 5.55308,   15.349,  35.6976, 29 Jun 2023, 13:08:01
 26.4241, 5.55293,   15.280,  35.6936, 29 Jun 2023, 13:09:01
 26.4226, 5.55302,   15.293,  35.6954, 29 Jun 2023, 13:10:01
 26.4209, 5.55319,   15.505,  35.6979, 29 Jun 2023, 13:11:01
 26.4202, 5.55304,   15.460,  35.6973, 29 Jun 2023, 13:12:01
 26.4183, 5.55311,   15.620,  35.6993, 29 Jun 2023, 13:13:01
 26.4235, 5.55297,   15.509,  35.6943, 29 Jun 2023, 13:14:01
 26.4201, 5.55315,   15.538,  35.6982, 29 Jun 2023, 13:15:01
 26.4248, 5.55337,   15.327,  35.6962, 29 Jun 2023, 13:16:01
 26.4254, 5.55333,   15.280,  35.6955, 29 Jun 2023, 13:17:01
 26.4273, 5.55370,   15.379,  35.6966, 29 Jun 2023, 13:18:01
 26.4232, 5.55366,   15.293,  35.6995, 29 Jun 2023, 13:19:01
 26.4233, 5.55330,   15.333,  35.6969, 29 Jun 2023, 13:20:01
 26.4222, 5.55359,   15.315,  35.6998, 29 Jun 2023, 13:21:01
 26.4199, 5.55293,   15.248,  35.6968, 29 Jun 2023, 13:22:01
 26.4188, 5.55359,   15.559,  35.7024, 29 Jun 2023, 13:23:01
 26.4160, 5.55353,   15.635,  35.7041, 29 Jun 2023, 13:24:01
 26.4200, 5.55364,   15.530,  35.7018, 29 Jun 2023, 13:25:01
 26.4218, 5.55359,   15.451,  35.7001, 29 Jun 2023, 13:26:01
 26.4242, 5.55382,   15.426,  35.6999, 29 Jun 2023, 13:27:01
 26.4256, 5.55389,   15.379,  35.6993, 29 Jun 2023, 13:28:01
 26.4199, 5.55411,   15.480,  35.7053, 29 Jun 2023, 13:29:01
 26.4219, 5.55402,   15.406,  35.7031, 29 Jun 2023, 13:30:01
 26.4222, 5.55400,   15.304,  35.7028, 29 Jun 2023, 13:31:01
 26.4204, 5.55404,   15.342,  35.7045, 29 Jun 2023, 13:32:01
 26.4243, 5.55402,   15.473,  35.7012, 29 Jun 2023, 13:33:01
 26.4283, 5.55408,   15.439,  35.6986, 29 Jun 2023, 13:34:01
 26.4232, 5.55439,   15.662,  35.7047, 29 Jun 2023, 13:35:01
 26.4256, 5.55429,   15.545,  35.7022, 29 Jun 2023, 13:36:01
 26.4227, 5.55439,   15.597,  35.7051, 29 Jun 2023, 13:37:01
 26.4268, 5.55446,   15.383,  35.7025, 29 Jun 2023, 13:38:01
 26.4268, 5.55458,   15.423,  35.7034, 29 Jun 2023, 13:39:01
 26.4294, 5.55442,   15.385,  35.7002, 29 Jun 2023, 13:40:01
 26.4267, 5.55478,   15.394,  35.7049, 29 Jun 2023, 13:41:01
 26.4271, 5.55489,   15.575,  35.7054, 29 Jun 2023, 13:42:01
 26.4228, 5.55489,   15.464,  35.7087, 29 Jun 2023, 13:43:01
 26.4225, 5.55466,   15.619,  35.7072, 29 Jun 2023, 13:44:01
 26.4246, 5.55469,   15.502,  35.7059, 29 Jun 2023, 13:45:01
 26.4272, 5.55484,   15.662,  35.7049, 29 Jun 2023, 13:46:01
 26.4272, 5.55484,   15.620,  35.7049, 29 Jun 2023, 13:47:01
 26.4257, 5.55506,   15.494,  35.7077, 29 Jun 2023, 13:48:01
 26.4236, 5.55517,   15.676,  35.7101, 29 Jun 2023, 13:49:01
 26.4284, 5.55495,   15.521,  35.7048, 29 Jun 2023, 13:50:01
 26.4272, 5.55498,   15.494,  35.7059, 29 Jun 2023, 13:51:01
 26.4282, 5.55500,   15.423,  35.7053, 29 Jun 2023, 13:52:00
 26.4308, 5.55513,   15.514,  35.7042, 29 Jun 2023, 13:53:00
 26.4294, 5.55504,   15.455,  35.7047, 29 Jun 2023, 13:54:00
 26.4329, 5.55540,   15.512,  35.7046, 29 Jun 2023, 13:55:00
 26.4281, 5.55551,   15.442,  35.7091, 29 Jun 2023, 13:56:00
 26.4308, 5.55560,   15.523,  35.7076, 29 Jun 2023, 13:57:00
 26.4286, 5.55544,   15.716,  35.7081, 29 Jun 2023, 13:58:00
 26.4301, 5.55542,   15.379,  35.7069, 29 Jun 2023, 13:59:00
 26.4304, 5.55560,   15.680,  35.7079, 29 Jun 2023, 14:00:00
 26.4299, 5.55564,   15.714,  35.7086, 29 Jun 2023, 14:01:00
 26.4354, 5.55591,   15.716,  35.7063, 29 Jun 2023, 14:02:00
 26.4408, 5.55607,   15.687,  35.7033, 29 Jun 2023, 14:03:00
 26.4378, 5.55607,   15.664,  35.7056, 29 Jun 2023, 14:04:00
 26.4354, 5.55615,   15.541,  35.7081, 29 Jun 2023, 14:05:00
 26.4354, 5.55613,   15.574,  35.7079, 29 Jun 2023, 14:06:00
 26.4360, 5.55616,   15.656,  35.7076, 29 Jun 2023, 14:07:00
 26.4365, 5.55622,   15.649,  35.7077, 29 Jun 2023, 14:08:00
 26.4381, 5.55624,   15.597,  35.7066, 29 Jun 2023, 14:09:00
 26.4383, 5.55638,   15.626,  35.7074, 29 Jun 2023, 14:10:00
 26.4371, 5.55645,   15.824,  35.7088, 29 Jun 2023, 14:11:00
 26.4396, 5.55653,   15.737,  35.7075, 29 Jun 2023, 14:12:00
 26.4391, 5.55653,   15.698,  35.7079, 29 Jun 2023, 14:13:00
 26.4417, 5.55651,   15.593,  35.7058, 29 Jun 2023, 14:14:00
 26.4322, 5.55665,   15.876,  35.7140, 29 Jun 2023, 14:15:00
 26.4315, 5.55649,   15.512,  35.7135, 29 Jun 2023, 14:16:00
 26.4325, 5.55626,   15.683,  35.7111, 29 Jun 2023, 14:17:00
 26.4326, 5.55620,   15.482,  35.7106, 29 Jun 2023, 14:18:00
 26.4360, 5.55629,   15.714,  35.7086, 29 Jun 2023, 14:19:00
