DeployData/BOEMTest1_062923_063023/Crate1/SBE37/SB37_BOEMtest1.0.asc
* Sea-Bird SBE37 Data File:
* FileName = C:\BOEM\SB37\BOEMTest1_062923_063023\SB37_BOEMtest1.0.asc
* Software Version 1.59
* Temperature SN = 1308
* Conductivity SN = 1308
* System UpLoad Time = Jun 30 2023 14:31:26
** BOEMTest1
* ds
*END*
[from data line 789]
 26.3663, 5.54821,   14.914,  35.7043, 29 Jun 2023, 23:06:01
 26.3666, 5.54819,   15.034,  35.7039, 29 Jun 2023, 23:07:01
 26.3679, 5.54811,   14.897,  35.7023, 29 Jun 2023, 23:08:01
 26.3675, 5.54812,   14.937,  35.7027, 29 Jun 2023, 23:09:01
 26.3666, 5.54801,   14.942,  35.7026, 29 Jun 2023, 23:10:01
 26.3661, 5.54804,   15.018,  35.7032, 29 Jun 2023, 23:11:01
 26.3661, 5.54802,   14.914,  35.7031, 29 Jun 2023, 23:12:01
 26.3667, 5.54802,   14.786,  35.7027, 29 Jun 2023, 23:13:01
 26.3652, 5.54801,   14.944,  35.7037, 29 Jun 2023, 23:14:01
 26.3660, 5.54799,   15.038,  35.7029, 29 Jun 2023, 23:15:01
 26.3659, 5.54796,   14.834,  35.7028, 29 Jun 2023, 23:16:01
 26.3647, 5.54793,   14.923,  35.7035, 29 Jun 2023, 23:17:01
 26.3645, 5.54793,   14.921,  35.7037, 29 Jun 2023, 23:18:01
 26.3641, 5.54790,   14.888,  35.7038, 29 Jun 2023, 23:19:01
 26.3642, 5.54790,   14.872,  35.7037, 29 Jun 2023, 23:20:01
 26.3640, 5.54790,   14.953,  35.7038, 29 Jun 2023, 23:21:01
 26.3635, 5.54779,   15.029,  35.7034, 29 Jun 2023, 23:22:01
 26.3632, 5.54788,   14.863,  35.7043, 29 Jun 2023, 23:23:01
 26.3627, 5.54786,   14.894,  35.7046, 29 Jun 2023, 23:24:01
 26.3642, 5.54784,   14.833,  35.7033, 29 Jun 2023, 23:25:01
 26.3624, 5.54783,   15.020,  35.7045, 29 Jun 2023, 23:26:01
 26.3618, 5.54783,   15.072,  35.7050, 29 Jun 2023, 23:27:01
 26.3620, 5.54778,   14.912,  35.7045, 29 Jun 2023, 23:28:01
 26.3607, 5.54775,   14.843,  35.7053, 29 Jun 2023, 23:29:01
 26.3620, 5.54779,   14.950,  35.7046, 29 Jun 2023, 23:30:01
 26.3617, 5.54777,   14.932,  35.7047, 29 Jun 2023, 23:31:01
 26.3627, 5.54777,   14.867,  35.7039, 29 Jun 2023, 23:32:01
 26.3607, 5.54773,   14.867,  35.7052, 29 Jun 2023, 23:33:01
 26.3604, 5.54775,   14.883,  35.7055, 29 Jun 2023, 23:34:01
 26.3602, 5.54772,   14.926,  35.7055, 29 Jun 2023, 23:35:01
 26.3607, 5.54768,   14.874,  35.7048, 29 Jun 2023, 23:36:01
 26.3603, 5.54766,   14.802,  35.7050, 29 Jun 2023, 23:37:01
 26.3597, 5.54766,   14.894,  35.7054, 29 Jun 2023, 23:38:01
 26.3599, 5.54766,   15.066,  35.7052, 29 Jun 2023, 23:39:01
 26.3603, 5.54766,   14.852,  35.7050, 29 Jun 2023, 23:40:01
 26.3607, 5.54766,   15.041,  35.7046, 29 Jun 2023, 23:41:01
 26.3619, 5.54766,   15.074,  35.7037, 29 Jun 2023, 23:42:01
 26.3610, 5.54775,   14.815,  35.7051, 29 Jun 2023, 23:43:01
 26.3609, 5.54777,   14.827,  35.7053, 29 Jun 2023, 23:44:01
 26.3612, 5.54781,   15.018,  35.7053, 29 Jun 2023, 23:45:01
 26.3622, 5.54779,   14.779,  35.7045, 29 Jun 2023, 23:46:01
 26.3607, 5.54782,   14.840,  35.7058, 29 Jun 2023, 23:47:01
 26.3590, 5.54774,   14.867,  35.7066, 29 Jun 2023, 23:48:01
 26.3607, 5.54775,   14.905,  35.7053, 29 Jun 2023, 23:49:01
 26.3582, 5.54775,   15.059,  35.7072, 29 Jun 2023, 23:50:01
 26.3588, 5.54770,   14.932,  35.7064, 29 Jun 2023, 23:51:01
 26.3584, 5.54768,   14.692,  35.7067, 29 Jun 2023, 23:52:01
 26.3580, 5.54772,   14.996,  35.7072, 29 Jun 2023, 23:53:01
 26.3584, 5.54768,   14.946,  35.7066, 29 Jun 2023, 23:54:01
 26.3609, 5.54775,   14.960,  35.7051, 29 Jun 2023, 23:55:01
 26.3602, 5.54781,   14.870,  35.7061, 29 Jun 2023, 23:56:01
 26.3598, 5.54786,   14.955,  35.7068, 29 Jun 2023, 23:57:01
 26.3589, 5.54788,   14.939,  35.7076, 29 Jun 2023, 23:58:01
 26.3599, 5.54788,   14.982,  35.7069, 29 Jun 2023, 23:59:01
 26.3608, 5.54799,   15.084,  35.7069, 30 Jun 2023, 00:00:01
 26.3612, 5.54810,   15.014,  35.7074, 30 Jun 2023, 00:01:01
 26.3614, 5.54819,   14.953,  35.7079, 30 Jun 2023, 00:02:01
 26.3627, 5.54822,   14.917,  35.7072, 30 Jun 2023, 00:03:01
 26.3623, 5.54830,   15.128,  35.7080, 30 Jun 2023, 00:04:01
 26.3609, 5.54833,   15.009,  35.7093, 30 Jun 2023, 00:05:01
 26.3604, 5.54831,   14.996,  35.7096, 30 Jun 2023, 00:06:01
 26.3617, 5.54831,   14.984,  35.7086, 30 Jun 2023, 00:07:01
 26.3603, 5.54831,   14.950,  35.7097, 30 Jun 2023, 00:08:01
 26.3615, 5.54833,   14.912,  35.7089, 30 Jun 2023, 00:09:01
 26.3600, 5.54835,   15.065,  35.7102, 30 Jun 2023, 00:10:01
 26.3610, 5.54837,   14.896,  35.7096, 30 Jun 2023, 00:11:01
 26.3607, 5.54837,   14.984,  35.7098, 30 Jun 2023, 00:12:01
 26.3609, 5.54842,   15.070,  35.7100, 30 Jun 2023, 00:13:01
 26.3602, 5.54835,   14.894,  35.7101, 30 Jun 2023, 00:14:01
 26.3606, 5.54835,   14.928,  35.7097, 30 Jun 2023, 00:15:01
 26.3603, 5.54837,   14.919,  35.7101, 30 Jun 2023, 00:16:01
 26.3623, 5.54833,   14.743,  35.7083, 30 Jun 2023, 00:17:01
 26.3603, 5.54842,   15.061,  35.7104, 30 Jun 2023, 00:18:01
 26.3612, 5.54844,   15.027,  35.7099, 30 Jun 2023, 00:19:01
 26.3621, 5.54855,   14.876,  35.7100, 30 Jun 2023, 00:20:01
 26.3654, 5.54868,   14.982,  35.7084, 30 Jun 2023, 00:21:01
 26.3638, 5.54879,   15.013,  35.7104, 30 Jun 2023, 00:22:01
 26.3652, 5.54893,   15.039,  35.7103, 30 Jun 2023, 00:23:01
 26.3634, 5.54888,   14.978,  35.7114, 30 Jun 2023, 00:24:01
 26.3619, 5.54891,   15.041,  35.7127, 30 Jun 2023, 00:25:01
 26.3653, 5.54901,   15.032,  35.7108, 30 Jun 2023, 00:26:01
 26.3634, 5.54901,   14.953,  35.7123, 30 Jun 2023, 00:27:01
 26.3629, 5.54899,   14.942,  35.7126, 30 Jun 2023, 00:28:01
 26.3641, 5.54902,   15.016,  35.7118, 30 Jun 2023, 00:29:01
 26.3640, 5.54906,   14.959,  35.7122, 30 Jun 2023, 00:30:01
 26.3617, 5.54906,   14.968,  35.7140, 30 Jun 2023, 00:31:01
 26.3626, 5.54901,   14.989,  35.7129, 30 Jun 2023, 00:32:01
 26.3624, 5.54899,   14.991,  35.7130, 30 Jun 2023, 00:33:01
 26.3609, 5.54893,   14.980,  35.7137, 30 Jun 2023, 00:34:01
 26.3647, 5.54897,   15.000,  35.7110, 30 Jun 2023, 00:35:01
 26.3657, 5.54906,   15.102,  35.7109, 30 Jun 2023, 00:36:01
 26.3656, 5.54922,   15.243,  35.7121, 30 Jun 2023, 00:37:01
 26.3647, 5.54928,   14.955,  35.7133, 30 Jun 2023, 00:38:01
 26.3647, 5.54929,   15.095,  35.7133, 30 Jun 2023, 00:39:01
 26.3643, 5.54928,   15.083,  35.7136, 30 Jun 2023, 00:40:01
 26.3662, 5.54935,   15.185,  35.7126, 30 Jun 2023, 00:41:01
 26.3631, 5.54937,   15.039,  35.7152, 30 Jun 2023, 00:42:01
 26.3650, 5.54940,   15.120,  35.7139, 30 Jun 2023, 00:43:01
 26.3653, 5.54942,   15.079,  35.7138, 30 Jun 2023, 00:44:01
 26.3641, 5.54939,   15.124,  35.7145, 30 Jun 2023, 00:45:01
 26.3636, 5.54933,   15.102,  35.7145, 30 Jun 2023, 00:46:01
 26.3649, 5.54931,   15.025,  35.7133, 30 Jun 2023, 00:47:01
 26.3647, 5.54944,   15.248,  35.7144, 30 Jun 2023, 00:48:01
 26.3651, 5.54947,   15.120,  35.7143, 30 Jun 2023, 00:49:01
 26.3656, 5.54951,   15.117,  35.7142, 30 Jun 2023, 00:50:01
 26.3640, 5.54951,   14.946,  35.7155, 30 Jun 2023, 00:51:01
 26.3647, 5.54958,   15.248,  35.7154, 30 Jun 2023, 00:52:01
 26.3649, 5.54962,   15.171,  35.7155, 30 Jun 2023, 00:53:01
 26.3650, 5.54958,   15.111,  35.7152, 30 Jun 2023, 00:54:01
 26.3650, 5.54968,   15.174,  35.7159, 30 Jun 2023, 00:55:01
 26.3659, 5.54966,   15.131,  35.7151, 30 Jun 2023, 00:56:01
 26.3663, 5.54966,   15.165,  35.7147, 30 Jun 2023, 00:57:01
 26.3657, 5.54971,   15.086,  35.7156, 30 Jun 2023, 00:58:01
 26.3652, 5.54969,   15.138,  35.7158, 30 Jun 2023, 00:59:01
 26.3647, 5.54964,   15.034,  35.7159, 30 Jun 2023, 01:00:01
 26.3645, 5.54962,   15.250,  35.7158, 30 Jun 2023, 01:01:01
 26.3629, 5.54957,   15.216,  35.7167, 30 Jun 2023, 01:02:01
 26.3650, 5.54955,   15.232,  35.7149, 30 Jun 2023, 01:03:01
 26.3638, 5.54951,   15.099,  35.7156, 30 Jun 2023, 01:04:01
 26.3626, 5.54948,   15.034,  35.7163, 30 Jun 2023, 01:05:01
 26.3643, 5.54955,   15.187,  35.7155, 30 Jun 2023, 01:06:01
 26.3643, 5.54960,   15.160,  35.7159, 30 Jun 2023, 01:07:01
 26.3644, 5.54962,   15.277,  35.7159, 30 Jun 2023, 01:08:01
 26.3646, 5.54960,   15.173,  35.7156, 30 Jun 2023, 01:09:01
 26.3650, 5.54966,   15.173,  35.7157, 30 Jun 2023, 01:10:01
 26.3681, 5.54977,   15.194,  35.7141, 30 Jun 2023, 01:11:01
 26.3677, 5.54987,   15.156,  35.7152, 30 Jun 2023, 01:12:01
 26.3683, 5.55002,   15.185,  35.7158, 30 Jun 2023, 01:13:01
 26.3677, 5.55009,   15.160,  35.7168, 30 Jun 2023, 01:14:01
 26.3677, 5.55018,   15.165,  35.7174, 30 Jun 2023, 01:15:01
 26.3686, 5.55017,   15.297,  35.7166, 30 Jun 2023, 01:16:01
 26.3663, 5.55016,   15.048,  35.7184, 30 Jun 2023, 01:17:01
 26.3661, 5.55014,   15.221,  35.7184, 30 Jun 2023, 01:18:01
 26.3656, 5.55013,   15.129,  35.7187, 30 Jun 2023, 01:19:01
 26.3651, 5.55009,   14.989,  35.7188, 30 Jun 2023, 01:20:01
 26.3665, 5.55015,   15.232,  35.7181, 30 Jun 2023, 01:21:01
 26.3684, 5.55026,   15.189,  35.7175, 30 Jun 2023, 01:22:01
 26.3661, 5.55027,   15.325,  35.7193, 30 Jun 2023, 01:23:01
 26.3676, 5.55031,   15.201,  35.7184, 30 Jun 2023, 01:24:01
 26.3688, 5.55037,   15.441,  35.7179, 30 Jun 2023, 01:25:01
 26.3667, 5.55035,   15.185,  35.7194, 30 Jun 2023, 01:26:01
 26.3666, 5.55038,   15.273,  35.7197, 30 Jun 2023, 01:27:01
 26.3674, 5.55042,   15.164,  35.7194, 30 Jun 2023, 01:28:01
 26.3672, 5.55042,   15.288,  35.7195, 30 Jun 2023, 01:29:01
 26.3662, 5.55040,   15.239,  35.7202, 30 Jun 2023, 01:30:01
 26.3668, 5.55035,   15.156,  35.7194, 30 Jun 2023, 01:31:01
 26.3652, 5.55035,   15.315,  35.7205, 30 Jun 2023, 01:32:01
 26.3655, 5.55031,   15.291,  35.7200, 30 Jun 2023, 01:33:01
 26.3639, 5.55026,   15.309,  35.7209, 30 Jun 2023, 01:34:01
 26.3641, 5.55022,   15.309,  35.7205, 30 Jun 2023, 01:35:01
 26.3638, 5.55013,   15.180,  35.7201, 30 Jun 2023, 01:36:01
 26.3631, 5.55015,   15.309,  35.7207, 30 Jun 2023, 01:37:01
 26.3651, 5.55013,   15.018,  35.7191, 30 Jun 2023, 01:38:01
 26.3634, 5.55015,   15.329,  35.7205, 30 Jun 2023, 01:39:01
 26.3654, 5.55013,   15.209,  35.7188, 30 Jun 2023, 01:40:01
 26.3647, 5.55020,   15.333,  35.7198, 30 Jun 2023, 01:41:01
 26.3642, 5.55020,   15.149,  35.7203, 30 Jun 2023, 01:42:01
 26.3645, 5.55020,   15.304,  35.7200, 30 Jun 2023, 01:43:01
 26.3657, 5.55024,   15.331,  35.7194, 30 Jun 2023, 01:44:01
 26.3632, 5.55022,   15.194,  35.7212, 30 Jun 2023, 01:45:01
 26.3644, 5.55020,   15.405,  35.7201, 30 Jun 2023, 01:46:01
 26.3641, 5.55009,   15.271,  35.7195, 30 Jun 2023, 01:47:01
 26.3646, 5.55017,   15.471,  35.7197, 30 Jun 2023, 01:48:01
 26.3632, 5.55017,   15.347,  35.7208, 30 Jun 2023, 01:49:01
 26.3643, 5.55021,   15.453,  35.7202, 30 Jun 2023, 01:50:01
 26.3644, 5.55018,   15.369,  35.7199, 30 Jun 2023, 01:51:01
 26.3636, 5.55020,   15.201,  35.7207, 30 Jun 2023, 01:52:01
 26.3626, 5.55019,   15.424,  35.7214, 30 Jun 2023, 01:53:01
 26.3629, 5.55019,   15.298,  35.7212, 30 Jun 2023, 01:54:01
 26.3638, 5.55020,   15.414,  35.7205, 30 Jun 2023, 01:55:01
 26.3634, 5.55023,   15.500,  35.7210, 30 Jun 2023, 01:56:01
 26.3624, 5.55020,   15.482,  35.7216, 30 Jun 2023, 01:57:01
 26.3630, 5.55019,   15.385,  35.7211, 30 Jun 2023, 01:58:01
 26.3641, 5.55024,   15.424,  35.7206, 30 Jun 2023, 01:59:01
 26.3656, 5.55024,   15.394,  35.7194, 30 Jun 2023, 02:00:01
 26.3646, 5.55035,   15.297,  35.7210, 30 Jun 2023, 02:01:01
 26.3643, 5.55031,   15.316,  35.7210, 30 Jun 2023, 02:02:01
 26.3657, 5.55040,   15.367,  35.7205, 30 Jun 2023, 02:03:01
 26.3644, 5.55040,   15.503,  35.7215, 30 Jun 2023, 02:04:01
 26.3634, 5.55035,   15.480,  35.7219, 30 Jun 2023, 02:05:01
 26.3644, 5.55031,   15.358,  35.7209, 30 Jun 2023, 02:06:01
 26.3618, 5.55028,   15.408,  35.7227, 30 Jun 2023, 02:07:01
 26.3630, 5.55029,   15.399,  35.7218, 30 Jun 2023, 02:08:01
 26.3615, 5.55024,   15.318,  35.7226, 30 Jun 2023, 02:09:01
 26.3646, 5.55029,   15.284,  35.7206, 30 Jun 2023, 02:10:01
 26.3638, 5.55029,   15.360,  35.7212, 30 Jun 2023, 02:11:01
 26.3642, 5.55031,   15.405,  35.7210, 30 Jun 2023, 02:12:01
 26.3648, 5.55038,   15.489,  35.7210, 30 Jun 2023, 02:13:01
 26.3647, 5.55038,   15.410,  35.7211, 30 Jun 2023, 02:14:01
 26.3647, 5.55042,   15.414,  35.7214, 30 Jun 2023, 02:15:01
 26.3649, 5.55042,   15.414,  35.7213, 30 Jun 2023, 02:16:01
 26.3645, 5.55040,   15.388,  35.7214, 30 Jun 2023, 02:17:01
 26.3632, 5.55038,   15.405,  35.7223, 30 Jun 2023, 02:18:01
 26.3646, 5.55040,   15.543,  35.7213, 30 Jun 2023, 02:19:01
 26.3645, 5.55038,   15.471,  35.7213, 30 Jun 2023, 02:20:01
 26.3647, 5.55037,   15.532,  35.7210, 30 Jun 2023, 02:21:01
 26.3642, 5.55040,   15.473,  35.7216, 30 Jun 2023, 02:22:01
 26.3633, 5.55038,   15.525,  35.7222, 30 Jun 2023, 02:23:01
 26.3664, 5.55042,   15.505,  35.7201, 30 Jun 2023, 02:24:01
 26.3644, 5.55042,   15.300,  35.7217, 30 Jun 2023, 02:25:01
 26.3634, 5.55042,   15.498,  35.7224, 30 Jun 2023, 02:26:01
 26.3651, 5.55044,   15.417,  35.7212, 30 Jun 2023, 02:27:01
 26.3633, 5.55046,   15.606,  35.7227, 30 Jun 2023, 02:28:01
 26.3647, 5.55046,   15.611,  35.7216, 30 Jun 2023, 02:29:01
 26.3636, 5.55048,   15.451,  35.7227, 30 Jun 2023, 02:30:01
 26.3650, 5.55048,   15.442,  35.7216, 30 Jun 2023, 02:31:01
 26.3637, 5.55048,   15.462,  35.7226, 30 Jun 2023, 02:32:01
 26.3628, 5.55044,   15.455,  35.7230, 30 Jun 2023, 02:33:01
 26.3649, 5.55040,   15.379,  35.7211, 30 Jun 2023, 02:34:01
 26.3667, 5.55048,   15.503,  35.7203, 30 Jun 2023, 02:35:01
 26.3647, 5.55053,   15.712,  35.7221, 30 Jun 2023, 02:36:01
 26.3654, 5.55053,   15.521,  35.7216, 30 Jun 2023, 02:37:01
 26.3655, 5.55049,   15.568,  35.7213, 30 Jun 2023, 02:38:01
 26.3637, 5.55049,   15.457,  35.7227, 30 Jun 2023, 02:39:01
 26.3643, 5.55048,   15.554,  35.7221, 30 Jun 2023, 02:40:01
 26.3665, 5.55053,   15.613,  35.7208, 30 Jun 2023, 02:41:01
 26.3659, 5.55051,   15.464,  35.7211, 30 Jun 2023, 02:42:01
 26.3652, 5.55055,   15.610,  35.7219, 30 Jun 2023, 02:43:01
 26.3638, 5.55049,   15.665,  35.7225, 30 Jun 2023, 02:44:01
 26.3630, 5.55042,   15.538,  35.7227, 30 Jun 2023, 02:45:01
 26.3628, 5.55037,   15.656,  35.7225, 30 Jun 2023, 02:46:01
 26.3638, 5.55033,   15.646,  35.7214, 30 Jun 2023, 02:47:01
 26.3656, 5.55037,   15.700,  35.7203, 30 Jun 2023, 02:48:01
 26.3661, 5.55042,   15.608,  35.7203, 30 Jun 2023, 02:49:01
 26.3629, 5.55044,   15.593,  35.7229, 30 Jun 2023, 02:50:01
 26.3646, 5.55042,   15.557,  35.7214, 30 Jun 2023, 02:51:01
 26.3650, 5.55042,   15.478,  35.7212, 30 Jun 2023, 02:52:01
 26.3648, 5.55046,   15.592,  35.7216, 30 Jun 2023, 02:53:01
 26.3634, 5.55046,   15.775,  35.7226, 30 Jun 2023, 02:54:01
 26.3645, 5.55044,   15.426,  35.7217, 30 Jun 2023, 02:55:01
 26.3645, 5.55046,   15.557,  35.7218, 30 Jun 2023, 02:56:01
 26.3659, 5.55044,   15.496,  35.7206, 30 Jun 2023, 02:57:01
 26.3636, 5.55046,   15.680,  35.7225, 30 Jun 2023, 02:58:01
 26.3664, 5.55048,   15.568,  35.7205, 30 Jun 2023, 02:59:01
 26.3683, 5.55057,   15.602,  35.7196, 30 Jun 2023, 03:00:01
 26.3676, 5.55065,   15.572,  35.7208, 30 Jun 2023, 03:01:01
 26.3683, 5.55071,   15.753,  35.7206, 30 Jun 2023, 03:02:00
 26.3677, 5.55073,   15.608,  35.7213, 30 Jun 2023, 03:03:00
 26.3645, 5.55069,   15.514,  35.7235, 30 Jun 2023, 03:04:00
 26.3656, 5.55062,   15.620,  35.7221, 30 Jun 2023, 03:05:00
 26.3650, 5.55055,   15.750,  35.7220, 30 Jun 2023, 03:06:00
 26.3643, 5.55053,   15.572,  35.7225, 30 Jun 2023, 03:07:00
 26.3661, 5.55048,   15.599,  35.7207, 30 Jun 2023, 03:08:00
 26.3653, 5.55053,   15.658,  35.7217, 30 Jun 2023, 03:09:00
 26.3651, 5.55049,   15.608,  35.7215, 30 Jun 2023, 03:10:00
 26.3648, 5.55046,   15.586,  35.7216, 30 Jun 2023, 03:11:00
 26.3642, 5.55046,   15.649,  35.7220, 30 Jun 2023, 03:12:00
 26.3652, 5.55045,   15.484,  35.7212, 30 Jun 2023, 03:13:00
 26.3639, 5.55044,   15.620,  35.7221, 30 Jun 2023, 03:14:00
 26.3640, 5.55046,   15.649,  35.7222, 30 Jun 2023, 03:15:00
 26.3647, 5.55046,   15.753,  35.7216, 30 Jun 2023, 03:16:00
 26.3658, 5.55046,   15.660,  35.7208, 30 Jun 2023, 03:17:00
 26.3665, 5.55046,   15.854,  35.7202, 30 Jun 2023, 03:18:00
 26.3642, 5.55048,   15.759,  35.7221, 30 Jun 2023, 03:19:00
 26.3629, 5.55038,   15.800,  35.7224, 30 Jun 2023, 03:20:00
 26.3638, 5.55033,   15.667,  35.7214, 30 Jun 2023, 03:21:00
 26.3622, 5.55029,   15.543,  35.7224, 30 Jun 2023, 03:22:00
 26.3600, 5.55028,   15.644,  35.7240, 30 Jun 2023, 03:23:00
 26.3625, 5.55020,   15.595,  35.7215, 30 Jun 2023, 03:24:00
 26.3621, 5.55022,   15.608,  35.7219, 30 Jun 2023, 03:25:00
 26.3628, 5.55029,   15.512,  35.7219, 30 Jun 2023, 03:26:00
