DeployData/BOEMTest1_062923_063023/Crate1/SBE37/SB37_BOEMtest1.0.asc
* Sea-Bird SBE37 Data File:
* FileName = C:\BOEM\SB37\BOEMTest1_062923_063023\SB37_BOEMtest1.0.asc
* Software Version 1.59
* Temperature SN = 1308
* Conductivity SN = 1308
* System UpLoad Time = Jun 30 2023 14:31:26
** BOEMTest1
* ds
*END*
[from data line 1576]
 28.5789, 0.02979,    0.089,   0.1345, 30 Jun 2023, 12:13:01
 28.5424, 0.02971,    0.089,   0.1342, 30 Jun 2023, 12:14:01
 28.5132, 0.02958,    0.088,   0.1337, 30 Jun 2023, 12:15:01
 28.4831, 0.02943,    0.088,   0.1331, 30 Jun 2023, 12:16:01
 28.4569, 0.02934,    0.088,   0.1328, 30 Jun 2023, 12:17:01
 28.4158, 0.02955,    0.088,   0.1338, 30 Jun 2023, 12:18:01
 28.3881, 0.02952,    0.088,   0.1337, 30 Jun 2023, 12:19:01
 28.3621, 0.02945,    0.088,   0.1335, 30 Jun 2023, 12:20:01
 28.3314, 0.02933,    0.088,   0.1330, 30 Jun 2023, 12:21:01
 28.3006, 0.02937,    0.086,   0.1333, 30 Jun 2023, 12:22:01
 28.2737, 0.02931,    0.086,   0.1331, 30 Jun 2023, 12:23:01
 28.2438, 0.02917,    0.086,   0.1325, 30 Jun 2023, 12:24:01
 28.2140, 0.02931,    0.086,   0.1332, 30 Jun 2023, 12:25:01
 28.1957, 0.02919,    0.086,   0.1327, 30 Jun 2023, 12:26:01
 28.1597, 0.02901,    0.084,   0.1320, 30 Jun 2023, 12:27:01
 28.1340, 0.02881,    0.084,   0.1312, 30 Jun 2023, 12:28:01
 28.1103, 0.02903,    0.084,   0.1322, 30 Jun 2023, 12:29:01
 28.0828, 0.02873,    0.084,   0.1310, 30 Jun 2023, 12:30:01
 28.0537, 0.02877,    0.084,   0.1312, 30 Jun 2023, 12:31:01
 28.0263, 0.02871,    0.084,   0.1310, 30 Jun 2023, 12:32:01
 28.0025, 0.02868,    0.084,   0.1309, 30 Jun 2023, 12:33:01
 27.9754, 0.02858,    0.084,   0.1305, 30 Jun 2023, 12:34:01
 27.9559, 0.02863,    0.082,   0.1308, 30 Jun 2023, 12:35:01
 27.9235, 0.02857,    0.084,   0.1306, 30 Jun 2023, 12:36:01
 27.9041, 0.02848,    0.084,   0.1303, 30 Jun 2023, 12:37:01
 27.8817, 0.02846,    0.082,   0.1302, 30 Jun 2023, 12:38:01
 27.8552, 0.02849,    0.084,   0.1304, 30 Jun 2023, 12:39:01
 27.8324, 0.02839,    0.082,   0.1300, 30 Jun 2023, 12:40:01
 27.7987, 0.02838,    0.082,   0.1301, 30 Jun 2023, 12:41:01
 27.7907, 0.02843,    0.082,   0.1303, 30 Jun 2023, 12:42:01
 27.7562, 0.02832,    0.082,   0.1299, 30 Jun 2023, 12:43:01
 27.7315, 0.02832,    0.082,   0.1300, 30 Jun 2023, 12:44:01
 27.7149, 0.02832,    0.080,   0.1300, 30 Jun 2023, 12:45:01
 27.6913, 0.02830,    0.082,   0.1300, 30 Jun 2023, 12:46:01
 27.6642, 0.02826,    0.080,   0.1299, 30 Jun 2023, 12:47:01
 27.6440, 0.02821,    0.082,   0.1297, 30 Jun 2023, 12:48:01
 27.6174, 0.02817,    0.080,   0.1296, 30 Jun 2023, 12:49:01
 27.5985, 0.02810,    0.080,   0.1293, 30 Jun 2023, 12:50:01
 27.5735, 0.02812,    0.080,   0.1294, 30 Jun 2023, 12:51:01
 27.5497, 0.02813,    0.080,   0.1295, 30 Jun 2023, 12:52:01
 27.5294, 0.02810,    0.080,   0.1295, 30 Jun 2023, 12:53:01
 27.5093, 0.02803,    0.080,   0.1292, 30 Jun 2023, 12:54:01
 27.4871, 0.02802,    0.080,   0.1292, 30 Jun 2023, 12:55:01
 27.4622, 0.02798,    0.080,   0.1291, 30 Jun 2023, 12:56:01
 27.4404, 0.02802,    0.080,   0.1293, 30 Jun 2023, 12:57:01
 27.4208, 0.02801,    0.080,   0.1293, 30 Jun 2023, 12:58:01
 27.3892, 0.02795,    0.079,   0.1291, 30 Jun 2023, 12:59:01
 27.3766, 0.02793,    0.079,   0.1290, 30 Jun 2023, 13:00:01
 27.3476, 0.02795,    0.079,   0.1292, 30 Jun 2023, 13:01:01
 27.3372, 0.02794,    0.079,   0.1292, 30 Jun 2023, 13:02:01
 27.3120, 0.02789,    0.079,   0.1290, 30 Jun 2023, 13:03:01
 27.2868, 0.02788,    0.079,   0.1290, 30 Jun 2023, 13:04:01
 27.2671, 0.02785,    0.079,   0.1289, 30 Jun 2023, 13:05:01
 27.2483, 0.02785,    0.079,   0.1290, 30 Jun 2023, 13:06:01
 27.2256, 0.02781,    0.079,   0.1289, 30 Jun 2023, 13:07:01
 27.2094, 0.02781,    0.079,   0.1289, 30 Jun 2023, 13:08:01
 27.1863, 0.02778,    0.079,   0.1288, 30 Jun 2023, 13:09:01
 27.1684, 0.02781,    0.077,   0.1290, 30 Jun 2023, 13:10:01
 27.1395, 0.02780,    0.077,   0.1290, 30 Jun 2023, 13:11:01
 27.1194, 0.02781,    0.077,   0.1291, 30 Jun 2023, 13:12:01
 27.1093, 0.02777,    0.079,   0.1290, 30 Jun 2023, 13:13:01
 27.0917, 0.02776,    0.079,   0.1289, 30 Jun 2023, 13:14:01
 27.0566, 0.02775,    0.077,   0.1290, 30 Jun 2023, 13:15:01
 27.0429, 0.02775,    0.077,   0.1290, 30 Jun 2023, 13:16:01
 27.0320, 0.02774,    0.077,   0.1290, 30 Jun 2023, 13:17:01
 27.0050, 0.02770,    0.077,   0.1289, 30 Jun 2023, 13:18:01
 26.9863, 0.02771,    0.077,   0.1290, 30 Jun 2023, 13:19:01
 26.9802, 0.02771,    0.077,   0.1290, 30 Jun 2023, 13:20:01
 26.9430, 0.02771,    0.077,   0.1291, 30 Jun 2023, 13:21:01
 26.9174, 0.02768,    0.077,   0.1290, 30 Jun 2023, 13:22:01
 26.8885, 0.02766,    0.077,   0.1290, 30 Jun 2023, 13:23:01
 26.8875, 0.02766,    0.077,   0.1290, 30 Jun 2023, 13:24:01
 26.8669, 0.02764,    0.077,   0.1289, 30 Jun 2023, 13:25:01
 26.8452, 0.02759,    0.077,   0.1288, 30 Jun 2023, 13:26:01
 26.8355, 0.02758,    0.077,   0.1287, 30 Jun 2023, 13:27:01
 26.8086, 0.02755,    0.077,   0.1287, 30 Jun 2023, 13:28:01
 26.8008, 0.02757,    0.077,   0.1288, 30 Jun 2023, 13:29:01
 26.7698, 0.02753,    0.077,   0.1287, 30 Jun 2023, 13:30:01
 26.7538, 0.02751,    0.077,   0.1286, 30 Jun 2023, 13:31:01
 26.7421, 0.02752,    0.077,   0.1287, 30 Jun 2023, 13:32:01
 26.7311, 0.02750,    0.077,   0.1286, 30 Jun 2023, 13:33:01
 26.6945, 0.02748,    0.075,   0.1286, 30 Jun 2023, 13:34:01
 26.6819, 0.02747,    0.075,   0.1286, 30 Jun 2023, 13:35:01
 26.6608, 0.02744,    0.077,   0.1285, 30 Jun 2023, 13:36:01
 26.6487, 0.02746,    0.075,   0.1286, 30 Jun 2023, 13:37:01
 26.6274, 0.02743,    0.075,   0.1285, 30 Jun 2023, 13:38:01
 26.5937, 0.02743,    0.077,   0.1286, 30 Jun 2023, 13:39:01
 26.5653, 0.02742,    0.077,   0.1286, 30 Jun 2023, 13:40:01
 26.5578, 0.02741,    0.077,   0.1286, 30 Jun 2023, 13:41:01
 26.5486, 0.02741,    0.077,   0.1286, 30 Jun 2023, 13:42:01
 26.5173, 0.02738,    0.075,   0.1286, 30 Jun 2023, 13:43:01
 26.4979, 0.02736,    0.075,   0.1285, 30 Jun 2023, 13:44:01
 26.4750, 0.02737,    0.077,   0.1286, 30 Jun 2023, 13:45:01
 26.4610, 0.02735,    0.077,   0.1286, 30 Jun 2023, 13:46:01
 26.4441, 0.02736,    0.075,   0.1287, 30 Jun 2023, 13:47:01
 26.4277, 0.02735,    0.075,   0.1287, 30 Jun 2023, 13:48:01
 26.4060, 0.02735,    0.075,   0.1287, 30 Jun 2023, 13:49:01
 26.3940, 0.02734,    0.075,   0.1287, 30 Jun 2023, 13:50:01
 26.3783, 0.02731,    0.075,   0.1286, 30 Jun 2023, 13:51:01
 26.3593, 0.02728,    0.073,   0.1285, 30 Jun 2023, 13:52:01
 26.3500, 0.02726,    0.073,   0.1284, 30 Jun 2023, 13:53:01
 26.3240, 0.02730,    0.073,   0.1287, 30 Jun 2023, 13:54:01
 26.2820, 0.02728,    0.073,   0.1287, 30 Jun 2023, 13:55:01
 26.3054, 0.02727,    0.073,   0.1286, 30 Jun 2023, 13:56:01
 26.2567, 0.02724,    0.073,   0.1286, 30 Jun 2023, 13:57:01
 26.2553, 0.02722,    0.073,   0.1285, 30 Jun 2023, 13:58:01
 26.2510, 0.02723,    0.073,   0.1285, 30 Jun 2023, 13:59:01
 26.2165, 0.02721,    0.073,   0.1285, 30 Jun 2023, 14:00:01
 26.2060, 0.02720,    0.073,   0.1285, 30 Jun 2023, 14:01:01
 26.1968, 0.02717,    0.073,   0.1284, 30 Jun 2023, 14:02:01
 26.1912, 0.02717,    0.073,   0.1284, 30 Jun 2023, 14:03:01
 26.1610, 0.02716,    0.073,   0.1284, 30 Jun 2023, 14:04:01
 26.1519, 0.02716,    0.071,   0.1284, 30 Jun 2023, 14:05:01
 26.1436, 0.02714,    0.071,   0.1284, 30 Jun 2023, 14:06:01
 26.1061, 0.02714,    0.071,   0.1284, 30 Jun 2023, 14:07:01
 26.0994, 0.02713,    0.071,   0.1284, 30 Jun 2023, 14:08:01
 26.0918, 0.02712,    0.071,   0.1284, 30 Jun 2023, 14:09:01
 26.0693, 0.02712,    0.073,   0.1284, 30 Jun 2023, 14:10:01
 26.0636, 0.02709,    0.071,   0.1283, 30 Jun 2023, 14:11:01
 26.0334, 0.02710,    0.071,   0.1284, 30 Jun 2023, 14:12:01
 26.0327, 0.02708,    0.073,   0.1283, 30 Jun 2023, 14:13:01
 26.0112, 0.02709,    0.071,   0.1284, 30 Jun 2023, 14:14:01
 25.9890, 0.02708,    0.071,   0.1285, 30 Jun 2023, 14:15:01
 25.9652, 0.02707,    0.070,   0.1285, 30 Jun 2023, 14:16:01
 25.9630, 0.02705,    0.071,   0.1284, 30 Jun 2023, 14:17:01
 25.9462, 0.02705,    0.071,   0.1284, 30 Jun 2023, 14:18:01
 25.9335, 0.02706,    0.071,   0.1285, 30 Jun 2023, 14:19:01
 25.9170, 0.02704,    0.071,   0.1284, 30 Jun 2023, 14:20:01
 25.9141, 0.02704,    0.071,   0.1284, 30 Jun 2023, 14:21:01
 25.8837, 0.02701,    0.071,   0.1284, 30 Jun 2023, 14:22:01
 25.8666, 0.02699,    0.071,   0.1283, 30 Jun 2023, 14:23:01
 25.8526, 0.02701,    0.070,   0.1285, 30 Jun 2023, 14:24:01
